0 57 17 49 55 57 0 74 73 2 17 74 0 32 72 49 73 32 0 75 55 2 72 75 0 75
0 49 55 52 37 49 0 30 57 12 55 30 0 43 18 52 57 43 0 45 37 12 18 45 0 57
0 82 64 61 19 82 0 18 36 93 64 18 0 52 75 61 36 52 0 80 19 93 75 80 0 93
0 25 28 5 24 25 0 50 30 46 28 50 0 29 4 5 30 29 0 29 24 46 4 29 0 50
0 18 46 21 14 18 0 64 11 4 46 64 0 67 60 21 11 67 0 7 14 4 60 7 0 67
0 4 20 8 37 4 0 16 4 33 20 16 0 20 17 8 4 20 0 31 37 33 17 31 0 37
0 69 50 35 35 69 0 82 77 41 50 82 0 15 66 35 77 15 0 70 35 41 66 70 0 82
0 41 3 73 4 41 0 38 83 45 3 38 0 76 7 73 83 76 0 77 4 45 7 77 0 83
0 12 7 5 8 12 0 19 17 20 7 19 0 12 10 5 17 12 0 3 8 20 10 3 0 20
0 10 61 42 29 10 0 71 32 39 61 71 0 75 76 42 32 75 0 44 29 39 76 44 0 76
0 21 34 32 19 21 0 32 11 40 34 32 0 21 15 32 11 21 0 36 19 40 15 36 0 40
0 76 38 71 36 76 0 48 35 70 38 48 0 70 74 71 35 70 0 35 36 70 74 35 0 76
0 45 58 55 16 45 0 55 10 54 58 55 0 45 42 55 10 45 0 44 16 54 42 44 0 58
0 36 10 21 41 36 0 26 42 6 10 26 0 31 31 21 42 31 0 36 41 6 31 36 0 42
0 53 41 9 2 53 0 12 62 55 41 12 0 50 43 9 62 50 0 11 2 55 43 11 0 62
0 17 40 59 48 17 0 57 76 65 40 57 0 19 44 59 76 19 0 25 48 65 44 25 0 76
0 69 47 32 71 69 0 22 37 2 47 22 0 15 24 32 37 15 0 39 71 2 24 39 0 71
0 14 8 23 24 14 0 6 9 25 8 6 0 15 31 23 9 15 0 16 24 25 31 16 0 31
0 45 19 1 24 45 0 26 44 21 19 26 0 18 5 1 44 18 0 23 24 21 5 23 0 45
0 42 62 83 88 42 0 72 72 46 62 72 0 22 59 83 72 22 0 37 88 46 59 37 0 88
0 25 40 21 24 25 0 46 46 26 40 46 0 19 22 21 46 19 0 41 24 26 22 41 0 46
0 74 60 42 73 74 0 44 63 71 60 44 0 59 75 42 63 59 0 31 73 71 75 31 0 75
0 38 13 29 92 38 0 41 49 54 13 41 0 16 80 29 49 16 0 75 92 54 80 75 0 92
0 50 31 15 37 50 0 38 35 53 31 38 0 16 38 15 35 16 0 22 37 53 38 22 0 53
0 54 21 40 84 54 0 74 46 96 21 74 0 45 63 40 46 45 0 82 84 96 63 82 0 96
0 7 28 29 26 7 0 21 22 19 28 21 0 20 2 29 22 20 0 18 26 19 2 18 0 29
0 7 56 36 18 7 0 49 29 11 56 49 0 78 38 36 29 78 0 40 18 11 38 40 0 78
0 24 17 5 39 24 0 31 19 63 17 31 0 12 56 5 19 12 0 44 39 63 56 44 0 63
0 12 23 21 3 12 0 35 19 15 23 35 0 38 20 21 19 38 0 18 3 15 20 18 0 38
0 38 14 39 34 38 0 37 1 43 14 37 0 38 48 39 1 38 0 44 34 43 48 44 0 48
0 92 42 57 8 92 0 63 100 99 42 63 0 81 50 57 100 81 0 65 8 99 50 65 0 100
0 34 18 49 28 34 0 52 15 6 18 52 0 59 46 49 15 59 0 21 28 6 46 21 0 59
0 14 62 33 72 14 0 48 40 80 62 48 0 88 34 33 40 88 0 87 72 80 34 87 0 88
0 34 21 30 3 34 0 43 58 37 21 43 0 51 24 30 58 51 0 33 3 37 24 33 0 58
0 27 54 59 94 27 0 27 32 73 54 27 0 5 46 59 32 5 0 44 94 73 46 44 0 94
0 58 72 53 56 58 0 47 61 41 72 47 0 55 57 53 61 55 0 41 56 41 57 41 0 72
0 7 69 64 86 7 0 74 57 79 69 74 0 79 57 64 57 79 0 22 86 79 57 22 0 86
0 31 23 29 8 31 0 49 60 39 23 49 0 34 19 29 60 34 0 21 8 39 19 21 0 60
0 21 51 15 65 21 0 34 36 57 51 34 0 57 71 15 36 57 0 50 65 57 71 50 0 71
0 24 52 100 43 24 0 28 87 19 52 28 0 59 9 100 87 59 0 68 43 19 9 68 0 100
0 55 38 63 35 55 0 66 70 20 38 66 0 59 70 63 70 59 0 50 35 20 70 50 0 70
0 45 11 55 41 45 0 56 45 32 11 56 0 44 37 55 45 44 0 37 41 32 37 37 0 56
0 70 52 2 31 70 0 18 72 82 52 18 0 54 65 2 72 54 0 33 31 82 65 33 0 82
0 18 45 32 53 18 0 63 14 44 45 63 0 77 30 32 14 77 0 58 53 44 30 58 0 77
0 23 17 9 41 23 0 27 32 64 17 27 0 8 58 9 32 8 0 50 41 64 58 50 0 64
0 61 18 68 25 61 0 54 25 61 18 54 0 61 7 68 25 61 0 68 25 61 7 68 0 68
0 41 7 1 2 41 0 44 40 39 7 44 0 6 5 1 40 6 0 1 2 39 5 1 0 44
0 94 34 50 42 94 0 82 44 71 34 82 0 84 61 50 44 84 0 54 42 71 61 54 0 94
0 11 18 28 2 11 0 29 39 9 18 29 0 46 20 28 39 46 0 30 2 9 20 30 0 46
0 60 75 56 23 60 0 77 70 66 75 77 0 49 65 56 70 49 0 33 23 66 65 33 0 77
0 25 70 32 56 25 0 45 7 31 70 45 0 52 39 32 7 52 0 38 56 31 39 38 0 70
0 66 76 42 53 66 0 10 28 13 76 10 0 38 23 42 28 38 0 41 53 13 23 41 0 76
0 16 61 20 41 16 0 77 4 48 61 77 0 81 86 20 4 81 0 45 41 48 86 45 0 86
0 35 54 20 34 35 0 49 15 29 54 49 0 34 48 20 15 34 0 14 34 29 48 14 0 54
0 27 61 29 25 27 0 34 56 2 61 34 0 71 36 29 56 71 0 54 25 2 36 54 0 71
0 21 14 3 71 21 0 35 24 92 14 35 0 11 84 3 24 11 0 74 71 92 84 74 0 92
0 53 19 21 50 53 0 53 45 57 19 53 0 15 44 21 45 15 0 29 50 57 44 29 0 57
0 58 9 49 27 58 0 67 83 35 9 67 0 45 36 49 83 45 0 76 27 35 36 76 0 83
0 58 38 40 70 58 0 38 76 98 38 38 0 78 89 40 76 78 0 63 70 98 89 63 0 98
0 18 38 43 18 18 0 56 55 36 38 56 0 78 56 43 55 78 0 25 18 36 56 25 0 78
0 56 35 60 80 56 0 71 86 65 35 71 0 95 45 60 86 95 0 81 80 65 45 81 0 95
0 49 50 20 7 49 0 1 40 56 50 1 0 39 57 20 40 39 0 27 7 56 57 27 0 57
0 62 38 44 4 62 0 52 63 66 38 52 0 52 34 44 63 52 0 48 4 66 34 48 0 66
0 70 60 19 23 70 0 10 51 47 60 10 0 41 37 19 51 41 0 4 23 47 37 4 0 70
0 19 32 14 77 19 0 48 33 62 32 48 0 18 67 14 33 18 0 74 77 62 67 74 0 77
0 43 56 27 42 43 0 13 50 1 56 13 0 37 14 27 50 37 0 51 42 1 14 51 0 56
0 35 12 39 63 35 0 27 4 80 12 27 0 31 75 39 4 31 0 76 63 80 75 76 0 80
0 80 84 42 38 80 0 99 78 71 84 99 0 100 65 42 78 100 0 60 38 71 65 60 0 100
0 23 4 86 27 23 0 27 63 40 4 27 0 90 23 86 63 90 0 83 27 40 23 83 0 90
0 10 50 30 75 10 0 40 20 65 50 40 0 49 39 30 20 49 0 51 75 65 39 51 0 75
0 17 35 27 10 17 0 52 43 27 35 52 0 42 25 27 43 42 0 17 10 27 25 17 0 52
0 20 36 52 50 20 0 16 52 67 36 16 0 40 79 52 52 40 0 71 50 67 79 71 0 79
0 24 72 40 45 24 0 76 44 49 72 76 0 32 31 40 44 32 0 5 45 49 31 5 0 76
0 9 31 39 12 9 0 23 48 4 31 23 0 49 19 39 48 49 0 51 12 4 19 51 0 51
0 16 4 29 27 16 0 12 45 43 4 12 0 33 31 29 45 33 0 2 27 43 31 2 0 45
0 63 46 29 40 63 0 35 77 71 46 35 0 42 74 29 77 42 0 69 40 71 74 69 0 77
0 68 32 68 59 68 0 99 91 61 32 99 0 36 77 68 91 36 0 41 59 61 77 41 0 99
0 46 56 31 7 46 0 42 23 39 56 42 0 65 63 31 23 65 0 24 7 39 63 24 0 65
0 24 14 35 20 24 0 15 11 8 14 15 0 26 7 35 11 26 0 19 20 8 7 19 0 35
0 73 78 49 71 73 0 5 43 28 78 5 0 48 33 49 43 48 0 22 71 28 33 22 0 78
0 43 11 9 22 43 0 45 34 21 11 45 0 11 24 9 34 11 0 13 22 21 24 13 0 45
0 38 34 81 52 38 0 32 52 58 34 32 0 47 73 81 52 47 0 94 52 58 73 94 0 94
0 16 64 13 27 16 0 80 29 43 64 80 0 51 91 13 29 51 0 40 27 43 91 40 0 91
0 75 30 10 26 75 0 62 82 83 30 62 0 20 36 10 82 20 0 16 26 83 36 16 0 83
0 51 85 10 70 51 0 52 61 93 85 52 0 95 70 10 61 95 0 80 70 93 70 80 0 95
0 29 51 3 54 29 0 65 32 68 51 65 0 48 3 3 32 48 0 51 54 68 3 51 0 68
0 27 3 46 1 27 0 24 66 28 3 24 0 49 4 46 66 49 0 47 1 28 4 47 0 66
0 30 30 46 55 30 0 50 16 25 30 50 0 60 69 46 16 60 0 9 55 25 69 9 0 69
0 32 19 48 13 32 0 25 44 19 19 25 0 67 32 48 44 67 0 61 13 19 32 61 0 67
0 59 62 41 49 59 0 3 44 36 62 3 0 41 33 41 44 41 0 8 49 36 33 8 0 62
0 17 18 6 45 17 0 1 23 38 18 1 0 24 37 6 23 24 0 51 45 38 37 51 0 51
0 14 6 34 8 14 0 20 41 22 6 20 0 28 2 34 41 28 0 30 8 22 2 30 0 41
0 61 57 60 1 61 0 34 49 60 57 34 0 15 56 60 49 15 0 61 1 60 56 61 0 61
0 14 26 23 52 14 0 12 9 60 26 12 0 21 72 23 9 21 0 64 52 60 72 64 0 72
0 8 12 73 3 8 0 20 81 5 12 20 0 68 15 73 81 68 0 76 3 5 15 76 0 81
0 15 49 15 37 15 0 64 30 22 49 64 0 34 74 15 30 34 0 46 37 22 74 46 0 74
0 54 75 71 67 54 0 96 42 38 75 96 0 78 82 71 42 78 0 4 67 38 82 4 0 96
0 60 29 37 68 60 0 31 23 8 29 31 0 8 39 37 23 8 0 31 68 8 39 31 0 68
0 54 86 23 59 54 0 97 31 67 86 97 0 68 70 23 31 68 0 36 59 67 70 36 0 97
0 70 87 13 37 70 0 90 75 97 87 90 0 81 85 13 75 81 0 24 37 97 85 24 0 97
0 13 19 55 24 13 0 32 42 11 19 32 0 74 26 55 42 74 0 53 24 11 26 53 0 74
0 30 17 22 27 30 0 13 8 3 17 13 0 5 10 22 8 5 0 5 27 3 10 5 0 30
0 4 9 12 41 4 0 5 16 45 9 5 0 21 50 12 16 21 0 29 41 45 50 29 0 50
0 46 30 85 11 46 0 18 54 37 30 18 0 62 19 85 54 62 0 81 11 37 19 81 0 85
0 26 3 15 31 26 0 29 41 57 3 29 0 18 28 15 41 18 0 20 31 57 28 20 0 57
0 76 37 40 44 76 0 70 92 32 37 70 0 42 81 40 92 42 0 75 44 32 81 75 0 92
0 30 53 20 16 30 0 58 40 36 53 58 0 33 37 20 40 33 0 4 16 36 37 4 0 58
0 47 88 32 53 47 0 90 15 60 88 90 0 85 37 32 15 85 0 75 53 60 37 75 0 90
0 46 49 43 58 46 0 3 7 52 49 3 0 10 49 43 7 10 0 59 58 52 49 59 0 59
0 37 20 56 35 37 0 17 53 32 20 17 0 36 15 56 53 36 0 51 35 32 15 51 0 56
0 64 91 43 69 64 0 59 21 87 91 59 0 80 63 43 21 80 0 66 69 87 63 66 0 91
0 29 34 37 27 29 0 31 33 33 34 31 0 22 7 37 33 22 0 29 27 33 7 29 0 37
0 42 58 20 28 42 0 44 22 14 58 44 0 38 30 20 22 38 0 8 28 14 30 8 0 58
0 13 84 50 57 13 0 81 47 54 84 81 0 34 41 50 47 34 0 7 57 54 41 7 0 84
0 4 27 50 54 4 0 31 54 50 27 31 0 77 81 50 54 77 0 39 54 50 81 39 0 81
0 38 66 47 52 38 0 28 26 45 66 28 0 25 44 47 26 25 0 19 52 45 44 19 0 66
0 64 69 50 48 64 0 33 44 79 69 33 0 26 61 50 44 26 0 35 48 79 61 35 0 79
0 90 36 46 61 90 0 54 44 61 36 54 0 10 25 46 44 10 0 17 61 61 25 17 0 90
0 7 3 1 49 7 0 10 8 42 3 10 0 2 52 1 8 2 0 50 49 42 52 50 0 52
0 41 32 46 22 41 0 22 5 19 32 22 0 27 41 46 5 27 0 24 22 19 41 24 0 46
0 57 53 9 50 57 0 44 66 47 53 44 0 44 3 9 66 44 0 41 50 47 3 41 0 66
0 5 45 25 9 5 0 40 20 4 45 40 0 60 44 25 20 60 0 24 9 4 44 24 0 60
0 50 21 36 61 50 0 29 25 50 21 29 0 15 40 36 25 15 0 25 61 50 40 25 0 61
0 62 62 60 61 62 0 37 35 36 62 37 0 2 1 60 35 2 0 1 61 36 1 1 0 62
0 13 21 27 22 13 0 8 40 9 21 8 0 48 17 27 40 48 0 34 22 9 17 34 0 48
0 31 40 63 68 31 0 11 63 42 40 11 0 52 31 63 63 52 0 83 68 42 31 83 0 83
0 83 15 39 24 83 0 79 69 84 15 79 0 41 39 39 69 41 0 15 24 84 39 15 0 84
0 72 73 72 93 72 0 82 85 96 73 82 0 3 74 72 85 3 0 75 93 96 74 75 0 96
0 24 59 4 53 24 0 49 20 36 59 49 0 55 27 4 20 55 0 49 53 36 27 49 0 59
0 35 46 42 53 35 0 50 47 55 46 50 0 80 87 42 47 80 0 60 53 55 87 60 0 87
0 36 30 42 29 36 0 61 6 62 30 61 0 62 1 42 6 62 0 61 29 62 1 61 0 62
0 59 38 59 8 59 0 21 10 61 38 21 0 31 46 59 10 31 0 51 8 61 46 51 0 61
0 40 34 39 49 40 0 6 42 10 34 6 0 36 15 39 42 36 0 37 49 10 15 37 0 49
0 11 65 63 18 11 0 58 52 7 65 58 0 34 51 63 52 34 0 59 18 7 51 59 0 65
0 35 55 19 9 35 0 72 48 26 55 72 0 47 46 19 48 47 0 28 9 26 46 28 0 72
0 20 7 47 56 20 0 27 53 62 7 27 0 40 49 47 53 40 0 9 56 62 49 9 0 62
0 73 41 81 61 73 0 58 20 58 41 58 0 78 88 81 20 78 0 78 61 58 88 78 0 88
0 8 12 23 23 8 0 4 15 31 12 4 0 11 35 23 15 11 0 39 23 31 35 39 0 39
0 22 59 34 44 22 0 37 12 22 59 37 0 25 46 34 12 25 0 21 44 22 46 21 0 59
0 74 70 63 85 74 0 24 31 11 70 24 0 7 17 63 31 7 0 24 85 11 17 24 0 85
0 26 4 74 53 26 0 30 48 62 4 30 0 75 49 74 48 75 0 49 53 62 49 49 0 75
0 44 18 36 19 44 0 30 8 25 18 30 0 22 7 36 8 22 0 17 19 25 7 17 0 44
0 30 18 2 73 30 0 38 32 93 18 38 0 16 55 2 32 16 0 71 73 93 55 71 0 93
0 56 62 58 60 56 0 6 2 75 62 6 0 8 81 58 2 8 0 73 60 75 81 73 0 81
0 67 83 76 59 67 0 16 76 59 83 16 0 80 43 76 76 80 0 100 59 59 43 100 0 100
0 36 19 33 20 36 0 17 14 27 19 17 0 24 10 33 14 24 0 14 20 27 10 14 0 36
0 80 5 61 59 80 0 77 53 51 5 77 0 56 54 61 53 56 0 2 59 51 54 2 0 80
0 61 41 32 58 61 0 20 29 42 41 20 0 9 22 32 29 9 0 31 58 42 22 31 0 61
0 20 30 3 25 20 0 32 23 37 30 32 0 27 5 3 23 27 0 22 25 37 5 22 0 37
0 47 13 4 19 47 0 34 51 47 13 34 0 17 32 4 51 17 0 15 19 47 32 15 0 51
0 4 60 23 12 4 0 56 27 16 60 56 0 75 72 23 27 75 0 11 12 16 72 11 0 75
0 55 66 56 59 55 0 31 1 11 66 31 0 30 20 56 1 30 0 10 59 11 20 10 0 66
0 74 3 2 39 74 0 77 72 35 3 77 0 5 42 2 72 5 0 37 39 35 42 37 0 77
0 73 20 38 39 73 0 63 35 54 20 63 0 28 19 38 35 28 0 19 39 54 19 19 0 73
0 24 39 33 64 24 0 15 9 73 39 15 0 11 81 33 9 11 0 82 64 73 81 82 0 82
0 34 79 16 12 34 0 83 26 22 79 83 0 63 67 16 26 63 0 4 12 22 67 4 0 83
0 43 35 55 32 43 0 8 69 45 35 8 0 61 53 55 69 61 0 87 32 45 53 87 0 87
0 43 7 54 74 43 0 36 11 68 7 36 0 47 81 54 11 47 0 57 74 68 81 57 0 81
0 33 32 49 27 33 0 1 18 6 32 1 0 17 5 49 18 17 0 22 27 6 5 22 0 49
0 41 75 17 75 41 0 90 24 70 75 90 0 85 41 17 24 85 0 73 75 70 41 73 0 90
0 51 21 15 20 51 0 42 36 38 21 42 0 6 11 15 36 6 0 5 20 38 11 5 0 51
0 20 34 40 85 20 0 14 57 65 34 14 0 71 79 40 57 71 0 86 85 65 79 86 0 86
0 57 2 48 23 57 0 55 48 62 2 55 0 46 21 48 48 46 0 34 23 62 21 34 0 62
0 40 30 25 8 40 0 70 65 48 30 70 0 5 38 25 65 5 0 33 8 48 38 33 0 70
0 35 34 30 49 35 0 50 5 24 34 50 0 45 64 30 5 45 0 19 49 24 64 19 0 64
0 2 54 28 57 2 0 56 30 55 54 56 0 26 50 28 30 26 0 63 57 55 50 63 0 63
0 24 64 43 41 24 0 83 19 17 64 83 0 99 66 43 19 99 0 36 41 17 66 36 0 99
0 11 9 16 22 11 0 2 5 32 9 2 0 7 31 16 5 7 0 37 22 32 31 37 0 37
0 77 66 45 81 77 0 87 61 68 66 87 0 26 26 45 61 26 0 36 81 68 26 36 0 87
0 66 19 22 23 66 0 47 50 51 19 47 0 3 4 22 50 3 0 1 23 51 4 1 0 66
0 10 70 64 44 10 0 79 54 34 70 79 0 48 54 64 54 48 0 88 44 34 54 88 0 88
0 24 39 42 40 24 0 46 49 64 39 46 0 3 25 42 49 3 0 28 40 64 25 28 0 64
0 29 35 58 31 29 0 64 51 42 35 64 0 23 47 58 51 23 0 36 31 42 47 36 0 64
0 28 28 26 44 28 0 38 54 22 28 38 0 25 16 26 54 25 0 41 44 22 16 41 0 54
0 15 11 43 71 15 0 4 58 78 11 4 0 54 74 43 58 54 0 28 71 78 74 28 0 78
0 51 64 24 62 51 0 38 75 35 64 38 0 46 3 24 75 46 0 43 62 35 3 43 0 75
0 71 34 21 22 71 0 63 50 49 34 63 0 13 14 21 50 13 0 1 22 49 14 1 0 71
0 51 37 51 61 51 0 14 4 62 37 14 0 18 74 51 4 18 0 66 61 62 74 66 0 74
0 47 42 15 21 47 0 80 62 26 42 80 0 27 54 15 62 27 0 36 21 26 54 36 0 80
0 13 22 14 18 13 0 35 1 5 22 35 0 36 40 14 1 36 0 4 18 5 40 4 0 40
0 37 58 52 29 37 0 95 89 45 58 95 0 69 56 52 89 69 0 72 29 45 56 72 0 95
0 61 24 18 19 61 0 49 43 44 24 49 0 6 5 18 43 6 0 1 19 44 5 1 0 61
0 4 96 3 11 4 0 92 1 7 96 92 0 93 85 3 1 93 0 8 11 7 85 8 0 96
0 42 1 44 46 42 0 43 86 84 1 43 0 45 47 44 86 45 0 2 46 84 47 2 0 86
0 22 23 63 25 22 0 1 52 3 23 1 0 53 2 63 52 53 0 55 25 3 2 55 0 63
0 55 54 53 33 55 0 46 93 44 54 46 0 58 21 53 93 58 0 79 33 44 21 79 0 93
0 72 9 1 13 72 0 65 71 85 9 65 0 10 22 1 71 10 0 14 13 85 22 14 0 85
0 46 2 21 35 46 0 44 25 34 2 44 0 19 33 21 25 19 0 50 35 34 33 50 0 50
0 38 4 3 9 38 0 42 41 29 4 42 0 1 13 3 41 1 0 12 9 29 13 12 0 42
0 62 4 1 56 62 0 58 63 85 4 58 0 5 55 1 63 5 0 55 56 85 55 55 0 85
0 1 38 36 32 1 0 37 35 31 38 37 0 43 47 36 35 43 0 4 32 31 47 4 0 47
0 9 4 37 1 9 0 11 44 8 4 11 0 33 3 37 44 33 0 36 1 8 3 36 0 44
0 30 34 10 2 30 0 4 36 28 34 4 0 40 32 10 36 40 0 8 2 28 32 8 0 40
0 33 61 51 19 33 0 33 46 52 61 33 0 71 68 51 46 71 0 32 19 52 68 32 0 71
0 7 38 36 14 7 0 31 43 21 38 31 0 35 52 36 43 35 0 22 14 21 52 22 0 52
0 25 18 18 24 25 0 23 43 49 18 23 0 36 42 18 43 36 0 27 24 49 42 27 0 49
0 22 54 41 13 22 0 50 19 9 54 50 0 66 41 41 19 66 0 28 13 9 41 28 0 66
0 81 37 50 75 81 0 48 45 70 37 48 0 13 38 50 45 13 0 25 75 70 38 25 0 81
0 41 52 32 44 41 0 11 41 3 52 11 0 30 14 32 41 30 0 44 44 3 14 44 0 52
0 29 1 72 46 29 0 28 43 17 1 28 0 71 45 72 43 71 0 44 46 17 45 44 0 72
0 57 32 18 49 57 0 46 41 26 32 46 0 14 20 18 41 14 0 31 49 26 20 31 0 57
0 38 84 47 82 38 0 77 9 87 84 77 0 68 10 47 9 68 0 78 82 87 10 78 0 87
0 20 36 47 28 20 0 16 27 41 36 16 0 43 57 47 27 43 0 54 28 41 57 54 0 57
0 56 53 17 57 56 0 27 53 37 53 27 0 39 64 17 53 39 0 74 57 37 64 74 0 74
0 49 26 75 37 49 0 23 26 12 26 23 0 49 11 75 26 49 0 38 37 12 11 38 0 75
0 36 1 32 52 36 0 37 4 16 1 37 0 33 53 32 4 33 0 20 52 16 53 20 0 53
0 12 16 16 46 12 0 27 4 57 16 27 0 31 30 16 4 31 0 54 46 57 30 54 0 57
0 48 73 4 37 48 0 83 49 66 73 83 0 69 59 4 49 69 0 41 37 66 59 41 0 83
0 55 42 62 54 55 0 13 10 76 42 13 0 20 78 62 10 20 0 72 54 76 78 72 0 78
0 31 36 52 37 31 0 27 76 46 36 27 0 72 73 52 76 72 0 71 37 46 73 71 0 76
0 18 19 6 74 18 0 1 24 56 19 1 0 25 55 6 24 25 0 80 74 56 55 80 0 80
0 44 24 69 37 44 0 66 70 15 24 66 0 45 61 69 70 45 0 55 37 15 61 55 0 70
0 9 50 29 35 9 0 59 38 44 50 59 0 56 15 29 38 56 0 44 35 44 15 44 0 59
0 36 41 41 40 36 0 43 41 42 41 43 0 2 1 41 41 2 0 1 40 42 1 1 0 43
0 34 33 47 4 34 0 34 20 30 33 34 0 14 29 47 20 14 0 43 4 30 29 43 0 47
0 31 30 1 9 31 0 61 30 22 30 61 0 31 39 1 30 31 0 8 9 22 39 8 0 61
0 51 72 78 65 51 0 48 42 55 72 48 0 6 7 78 42 6 0 13 65 55 7 13 0 78
0 51 27 56 20 51 0 46 46 71 27 46 0 30 35 56 46 30 0 58 20 71 35 58 0 71
0 28 26 61 69 28 0 2 33 41 26 2 0 35 43 61 33 35 0 8 69 41 43 8 0 69
0 91 89 82 51 91 0 50 62 67 89 50 0 12 77 82 62 12 0 65 51 67 77 65 0 91
0 27 29 27 10 27 0 45 54 37 29 45 0 51 22 27 54 51 0 29 10 37 22 29 0 54
0 15 27 10 11 15 0 42 5 26 27 42 0 37 38 10 5 37 0 21 11 26 38 21 0 42
0 24 69 60 67 24 0 77 36 43 69 77 0 41 34 60 36 41 0 7 67 43 34 7 0 77
0 76 89 19 64 76 0 71 82 73 89 71 0 70 47 19 82 70 0 55 64 73 47 55 0 89
0 34 31 29 17 34 0 65 43 31 31 65 0 27 39 29 43 27 0 12 17 31 39 12 0 65
0 15 30 14 21 15 0 15 29 6 30 15 0 44 9 14 29 44 0 35 21 6 9 35 0 44
0 32 2 10 22 32 0 30 42 10 2 30 0 12 20 10 42 12 0 32 22 10 20 32 0 42
0 77 16 41 57 77 0 61 64 76 16 61 0 25 51 41 64 25 0 26 57 76 51 26 0 77
0 48 81 84 60 48 0 38 41 12 81 38 0 5 34 84 41 5 0 29 60 12 34 29 0 84
0 16 27 55 5 16 0 11 39 21 27 11 0 28 32 55 39 28 0 60 5 21 32 60 0 60
0 68 45 8 6 68 0 23 64 62 45 23 0 41 39 8 64 41 0 14 6 62 39 14 0 68
0 24 18 43 46 24 0 6 31 25 18 6 0 25 31 43 31 25 0 13 46 25 31 13 0 46
0 63 38 62 69 63 0 85 44 36 38 85 0 96 82 62 44 96 0 74 69 36 82 74 0 96
0 7 28 12 57 7 0 21 19 61 28 21 0 40 40 12 19 40 0 63 57 61 40 63 0 63
0 7 33 53 38 7 0 40 46 31 33 40 0 66 36 53 46 66 0 34 38 31 36 34 0 66
0 78 75 86 73 78 0 9 8 30 75 9 0 17 21 86 8 17 0 38 73 30 21 38 0 86
0 18 58 53 39 18 0 55 50 36 58 55 0 5 19 53 50 5 0 14 39 36 19 14 0 58
0 63 26 60 77 63 0 64 72 14 26 64 0 86 78 60 72 86 0 86 77 14 78 86 0 86
0 85 27 17 48 85 0 89 92 63 27 89 0 44 29 17 92 44 0 31 48 63 29 31 0 92
0 29 32 56 7 29 0 61 27 36 32 61 0 46 25 56 27 46 0 63 7 36 25 63 0 63
0 65 100 84 69 65 0 99 37 77 100 99 0 75 71 84 37 75 0 40 69 77 71 40 0 100
0 21 21 60 43 21 0 42 81 56 21 42 0 39 23 60 81 39 0 59 43 56 23 59 0 81
0 1 48 38 29 1 0 47 39 30 48 47 0 31 40 38 39 31 0 41 29 30 40 41 0 48
0 13 18 3 9 13 0 5 16 22 18 5 0 21 27 3 16 21 0 6 9 22 27 6 0 27
0 37 40 27 43 37 0 18 10 22 40 18 0 28 4 27 10 28 0 32 43 22 4 32 0 43
0 26 28 41 7 26 0 2 45 19 28 2 0 47 21 41 45 47 0 48 7 19 21 48 0 48
0 59 14 21 62 59 0 56 68 51 14 56 0 15 56 21 68 15 0 41 62 51 56 41 0 68
0 23 28 42 39 23 0 47 61 62 28 47 0 14 18 42 61 14 0 32 39 62 18 32 0 62
0 13 73 14 44 13 0 60 1 32 73 60 0 59 64 14 1 59 0 33 44 32 64 33 0 73
0 62 86 64 35 62 0 64 2 27 86 64 0 66 77 64 2 66 0 29 35 27 77 29 0 86
0 1 26 41 1 1 0 25 42 2 26 25 0 52 25 41 42 52 0 42 1 2 25 42 0 52
0 41 10 44 11 41 0 41 3 40 10 41 0 38 1 44 3 38 0 37 11 40 1 37 0 44
0 37 48 39 62 37 0 11 34 87 48 11 0 23 86 39 34 23 0 88 62 87 86 88 0 88
0 13 39 2 29 13 0 26 15 16 39 26 0 41 10 2 15 41 0 31 29 16 10 31 0 41
0 54 45 62 21 54 0 9 57 34 45 9 0 66 43 62 57 66 0 72 21 34 43 72 0 72
0 11 12 37 59 11 0 1 26 51 12 1 0 25 52 37 26 25 0 68 59 51 52 68 0 68
0 19 46 32 41 19 0 42 30 56 46 42 0 32 58 32 30 32 0 26 41 56 58 26 0 58
0 38 45 49 52 38 0 7 11 14 45 7 0 18 21 49 11 18 0 25 52 14 21 25 0 52
0 20 46 30 55 20 0 54 50 40 46 54 0 16 19 30 50 16 0 35 55 40 19 35 0 55
0 35 50 64 16 35 0 58 29 51 50 58 0 63 66 64 29 63 0 80 16 51 66 80 0 80
0 12 17 63 10 12 0 5 51 2 17 5 0 56 7 63 51 56 0 53 10 2 7 53 0 63
0 84 45 15 1 84 0 89 69 83 45 89 0 60 46 15 69 60 0 14 1 83 46 14 0 89
0 67 49 59 67 67 0 42 32 53 49 42 0 10 49 59 32 10 0 39 67 53 49 39 0 67
0 17 9 5 32 17 0 17 22 15 9 17 0 14 32 5 22 14 0 37 32 15 32 37 0 37
0 31 25 22 35 31 0 56 53 49 25 56 0 3 10 22 53 3 0 13 35 49 10 13 0 56
0 32 51 7 33 32 0 19 39 1 51 19 0 58 18 7 39 58 0 40 33 1 18 40 0 58
0 56 30 43 87 56 0 49 13 67 30 49 0 36 77 43 13 36 0 56 87 67 77 56 0 87
0 37 59 70 87 37 0 74 82 84 59 74 0 36 53 70 82 36 0 17 87 84 53 17 0 87
0 32 6 16 23 32 0 26 48 43 6 26 0 22 17 16 48 22 0 39 23 43 17 39 0 48
0 34 61 61 63 34 0 73 90 71 61 73 0 38 2 61 90 38 0 40 63 71 2 40 0 90
0 3 42 15 31 3 0 39 12 28 42 39 0 27 67 15 12 27 0 40 31 28 67 40 0 67
0 45 29 29 21 45 0 28 48 40 29 28 0 58 50 29 48 58 0 8 21 40 50 8 0 58
0 47 57 59 51 47 0 10 40 42 57 10 0 30 46 59 40 30 0 76 51 42 46 76 0 76
0 16 44 54 27 16 0 60 61 39 44 60 0 21 48 54 61 21 0 27 27 39 48 27 0 61
0 36 39 74 55 36 0 3 70 19 39 3 0 68 22 74 70 68 0 51 55 19 22 51 0 74
0 14 19 20 23 14 0 33 34 30 19 33 0 1 4 20 34 1 0 5 23 30 4 5 0 34
0 3 47 44 4 3 0 50 47 7 47 50 0 60 51 44 47 60 0 40 4 7 51 40 0 60
0 25 22 10 17 25 0 47 15 8 22 47 0 32 39 10 15 32 0 7 17 8 39 7 0 47
0 27 1 67 57 27 0 26 40 42 1 26 0 66 58 67 40 66 0 60 57 42 58 60 0 67
0 48 3 22 5 48 0 51 70 53 3 51 0 19 2 22 70 19 0 17 5 53 2 17 0 70
0 75 100 80 80 75 0 86 93 80 100 86 0 42 100 80 93 42 0 78 80 80 100 78 0 100
0 62 40 27 38 62 0 48 35 46 40 48 0 13 24 27 35 13 0 11 38 46 24 11 0 62
0 1 18 18 10 1 0 17 17 11 18 17 0 34 28 18 17 34 0 28 10 11 28 28 0 34
0 34 45 29 44 34 0 11 5 20 45 11 0 16 29 29 5 16 0 15 44 20 29 15 0 45
0 23 40 38 25 23 0 37 61 2 40 37 0 55 35 38 61 55 0 63 25 2 35 63 0 63
0 40 30 33 5 40 0 56 51 43 30 56 0 63 35 33 51 63 0 28 5 43 35 28 0 63
0 45 17 28 36 45 0 61 17 74 17 61 0 45 34 28 17 45 0 57 36 74 34 57 0 74
0 38 51 20 12 38 0 51 18 48 51 51 0 33 63 20 18 33 0 32 12 48 63 32 0 63
0 57 74 18 17 57 0 24 39 40 74 24 0 63 64 18 39 63 0 1 17 40 64 1 0 74
0 18 53 29 2 18 0 46 47 20 53 46 0 43 55 29 47 43 0 31 2 20 55 31 0 55
0 34 84 51 16 34 0 70 85 50 84 70 0 99 78 51 85 99 0 35 16 50 78 35 0 99
0 52 66 68 46 52 0 22 57 51 66 22 0 62 73 68 57 62 0 43 46 51 73 43 0 73
0 28 61 71 85 28 0 65 43 57 61 65 0 22 77 71 43 22 0 77 85 57 77 77 0 85
0 56 41 77 47 56 0 28 64 10 41 28 0 36 38 77 64 36 0 58 47 10 38 58 0 77
0 31 20 58 63 31 0 11 27 32 20 11 0 38 43 58 27 38 0 25 63 32 43 25 0 63
0 61 87 84 60 61 0 66 25 1 87 66 0 79 65 84 25 79 0 24 60 1 65 24 0 87
0 76 54 20 58 76 0 43 56 18 54 43 0 34 61 20 56 34 0 38 58 18 61 38 0 76
0 81 91 35 67 81 0 34 96 76 91 34 0 91 42 35 96 91 0 86 67 76 42 86 0 96
0 47 16 10 15 47 0 57 57 56 16 57 0 26 1 10 57 26 0 25 15 56 1 25 0 57
0 1 24 3 5 1 0 23 4 4 24 23 0 25 19 3 4 25 0 6 5 4 19 6 0 25
0 12 29 2 40 12 0 41 10 52 29 41 0 31 11 2 10 31 0 42 40 52 11 42 0 52
0 37 27 49 32 37 0 10 29 27 27 10 0 34 17 49 29 34 0 17 32 27 17 17 0 49
0 56 37 76 38 56 0 19 31 20 37 19 0 50 1 76 31 50 0 51 38 20 1 51 0 76
0 60 39 60 29 60 0 42 63 42 39 42 0 21 57 60 63 21 0 59 29 42 57 59 0 63
0 74 10 25 14 74 0 84 49 75 10 84 0 35 24 25 49 35 0 39 14 75 24 39 0 84
0 7 4 59 10 7 0 3 58 9 4 3 0 55 6 59 58 55 0 49 10 9 6 49 0 59
0 65 32 72 85 65 0 68 60 89 32 68 0 81 95 72 60 81 0 66 85 89 95 66 0 95
0 43 30 37 39 43 0 13 6 13 30 13 0 7 22 37 6 7 0 19 39 13 22 19 0 43
0 33 32 50 46 33 0 65 43 13 32 65 0 41 57 50 43 41 0 50 46 13 57 50 0 65
0 4 1 12 7 4 0 5 8 3 1 5 0 11 8 12 8 11 0 5 7 3 8 5 0 12
0 14 49 10 50 14 0 63 24 64 49 63 0 39 18 10 24 39 0 57 50 64 18 57 0 64
0 25 17 32 37 25 0 8 23 35 17 8 0 15 36 32 23 15 0 51 37 35 36 51 0 51
0 32 58 84 65 32 0 26 52 33 58 26 0 26 7 84 52 26 0 19 65 33 7 19 0 84
0 45 59 60 48 45 0 14 15 11 59 14 0 1 25 60 15 1 0 26 48 11 25 26 0 60
0 27 16 12 25 27 0 11 15 20 16 11 0 4 9 12 15 4 0 13 25 20 9 13 0 27
0 17 17 43 5 17 0 34 48 22 17 34 0 39 12 43 48 39 0 38 5 22 12 38 0 48
0 22 40 32 30 22 0 18 22 8 40 18 0 40 26 32 22 40 0 14 30 8 26 14 0 40
0 6 11 24 6 6 0 17 30 12 11 17 0 13 5 24 30 13 0 18 6 12 5 18 0 30
0 8 44 44 47 8 0 52 52 39 44 52 0 88 91 44 52 88 0 49 47 39 91 49 0 91
0 57 41 54 53 57 0 30 3 18 41 30 0 33 12 54 3 33 0 21 53 18 12 21 0 57
0 71 50 73 16 71 0 21 72 55 50 21 0 51 34 73 72 51 0 63 16 55 34 63 0 73
0 37 34 55 93 37 0 71 84 77 34 71 0 21 80 55 84 21 0 72 93 77 80 72 0 93
0 69 81 86 49 69 0 12 40 20 81 12 0 28 32 86 40 28 0 46 49 20 32 46 0 86
0 17 40 54 3 17 0 23 71 14 40 23 0 94 37 54 71 94 0 57 3 14 37 57 0 94
0 47 75 59 46 47 0 82 87 85 75 82 0 71 36 59 87 71 0 47 46 85 36 47 0 87
0 31 22 14 28 31 0 53 45 31 22 53 0 36 33 14 45 36 0 14 28 31 33 14 0 53
0 35 24 40 51 35 0 11 5 38 24 11 0 16 27 40 5 16 0 38 51 38 27 38 0 51
0 9 8 66 77 9 0 1 70 68 8 1 0 71 69 66 70 71 0 81 77 68 69 81 0 81
0 65 62 70 43 65 0 27 53 46 62 27 0 26 19 70 53 26 0 31 43 46 19 31 0 70
0 66 47 66 50 66 0 27 2 18 47 27 0 25 41 66 2 25 0 16 50 18 41 16 0 66
0 9 11 48 12 9 0 2 39 3 11 2 0 41 5 48 39 41 0 42 12 3 5 42 0 48
0 54 52 58 60 54 0 53 72 74 52 53 0 35 37 58 72 35 0 2 60 74 37 2 0 74
0 38 10 40 8 38 0 28 23 46 10 28 0 30 18 40 23 30 0 48 8 46 18 48 0 48
0 36 18 50 59 36 0 54 16 39 18 54 0 45 41 50 16 45 0 55 59 39 41 55 0 59
0 14 17 61 16 14 0 28 47 27 17 28 0 57 1 61 47 57 0 58 16 27 1 58 0 61
0 17 55 33 15 17 0 58 50 32 55 58 0 45 68 33 50 45 0 48 15 32 68 48 0 68
0 36 33 43 24 36 0 62 63 60 33 62 0 76 57 43 63 76 0 41 24 60 57 41 0 76
0 52 58 99 33 52 0 70 56 23 58 70 0 80 82 99 56 80 0 79 33 23 82 79 0 99
0 15 16 5 16 15 0 21 10 21 16 21 0 11 22 5 10 11 0 11 16 21 22 11 0 22
0 55 17 34 37 55 0 72 30 33 17 72 0 51 54 34 30 51 0 3 37 33 54 3 0 72
0 39 19 46 23 39 0 58 39 16 19 58 0 38 42 46 39 38 0 23 23 16 42 23 0 58
0 58 11 33 65 58 0 69 25 71 11 69 0 44 67 33 25 44 0 46 65 71 67 46 0 71
0 30 46 35 52 30 0 63 35 22 46 63 0 28 72 35 35 28 0 50 52 22 72 50 0 72
0 58 84 18 56 58 0 93 63 93 84 93 0 97 33 18 63 97 0 74 56 93 33 74 0 97
0 50 63 7 30 50 0 13 57 23 63 13 0 70 36 7 57 70 0 37 30 23 36 37 0 70
0 93 86 78 51 93 0 73 87 97 86 73 0 48 78 78 87 48 0 31 51 97 78 31 0 97
0 9 22 20 69 9 0 28 11 64 22 28 0 17 70 20 11 17 0 53 69 64 70 53 0 70
0 43 71 70 60 43 0 28 27 28 71 28 0 55 40 70 27 55 0 39 60 28 40 39 0 71
0 38 41 45 61 38 0 79 29 69 41 79 0 86 20 45 29 86 0 90 61 69 20 90 0 90
0 29 38 37 35 29 0 63 16 6 38 63 0 47 57 37 16 47 0 10 35 6 57 10 0 63
0 73 72 64 45 73 0 39 12 61 72 39 0 27 33 64 12 27 0 49 45 61 33 49 0 73
0 1 12 23 17 1 0 11 24 18 12 11 0 35 28 23 24 35 0 40 17 18 28 40 0 40
0 44 44 50 43 44 0 45 51 32 44 45 0 6 74 50 51 6 0 68 43 32 74 68 0 74
0 42 43 16 7 42 0 54 42 49 43 54 0 27 42 16 42 27 0 23 7 49 42 23 0 54
0 73 41 44 20 73 0 66 29 53 41 66 0 45 21 44 29 45 0 24 20 53 21 24 0 73
0 51 16 34 25 51 0 49 30 39 16 49 0 50 41 34 30 50 0 9 25 39 41 9 0 51
0 44 15 39 25 44 0 42 53 23 15 42 0 54 40 39 53 54 0 30 25 23 40 30 0 54
0 5 18 33 31 5 0 23 38 36 18 23 0 15 49 33 38 15 0 64 31 36 49 64 0 64
0 52 41 47 34 52 0 35 5 18 41 35 0 35 48 47 5 35 0 13 34 18 48 13 0 52
0 90 41 35 57 90 0 69 65 43 41 69 0 6 28 35 65 6 0 22 57 43 28 22 0 90
0 52 28 41 18 52 0 24 50 34 28 24 0 69 10 41 50 69 0 59 18 34 10 59 0 69
0 64 33 24 70 64 0 46 51 28 33 46 0 55 37 24 51 55 0 79 70 28 37 79 0 79
0 60 79 42 73 60 0 33 42 39 79 33 0 47 6 42 42 47 0 53 73 39 6 53 0 79
0 70 44 67 77 70 0 31 3 20 44 31 0 34 51 67 3 34 0 17 77 20 51 17 0 77
0 18 10 21 26 18 0 8 39 24 10 8 0 31 16 21 39 31 0 47 26 24 16 47 0 47
0 32 45 18 57 32 0 48 14 26 45 48 0 39 74 18 14 39 0 40 57 26 74 40 0 74
0 63 43 27 63 63 0 62 36 66 43 62 0 26 20 27 36 26 0 46 63 66 20 46 0 66
0 72 80 61 87 72 0 44 42 47 80 44 0 19 79 61 42 19 0 86 87 47 79 86 0 87
0 80 26 39 57 80 0 66 41 31 26 66 0 39 75 39 41 39 0 72 57 31 75 72 0 80
0 59 12 13 24 59 0 47 48 35 12 47 0 1 12 13 48 1 0 13 24 35 12 13 0 59
0 5 38 47 38 5 0 33 52 33 38 33 0 38 66 47 52 38 0 55 38 33 66 55 0 66
0 3 17 52 33 3 0 20 49 36 17 20 0 69 50 52 49 69 0 78 33 36 50 78 0 78
0 41 39 35 25 41 0 25 63 29 39 25 0 49 35 35 63 49 0 60 25 29 35 60 0 63
0 34 39 3 38 34 0 16 31 39 39 16 0 42 42 3 31 42 0 41 38 39 42 41 0 42
0 80 61 69 34 80 0 81 79 71 61 81 0 40 27 69 79 40 0 35 34 71 27 35 0 81
0 75 77 79 84 75 0 69 67 69 77 69 0 2 68 79 67 2 0 69 84 69 68 69 0 84
0 88 48 58 54 88 0 40 46 41 48 40 0 10 6 58 46 10 0 16 54 41 6 16 0 88
0 64 16 30 16 64 0 48 84 49 16 48 0 46 14 30 84 46 0 46 16 49 14 46 0 84
0 70 7 23 9 70 0 74 47 79 7 74 0 30 16 23 47 30 0 32 9 79 16 32 0 79
0 19 11 5 21 19 0 30 24 40 11 30 0 16 32 5 24 16 0 16 21 40 32 16 0 40
0 76 61 60 87 76 0 15 33 68 61 15 0 18 53 60 33 18 0 35 87 68 53 35 0 87
0 57 22 11 86 57 0 73 46 69 22 73 0 33 70 11 46 33 0 75 86 69 70 75 0 86
0 85 44 65 88 85 0 71 36 55 44 71 0 83 44 65 36 83 0 46 88 55 44 46 0 88
0 35 19 73 18 35 0 54 59 17 19 54 0 92 37 73 59 92 0 55 18 17 37 55 0 92
0 2 7 14 16 2 0 5 12 14 7 5 0 7 9 14 12 7 0 16 16 14 9 16 0 16
0 73 69 61 82 73 0 46 12 39 69 46 0 34 24 61 12 34 0 27 82 39 24 27 0 82
0 31 37 51 35 31 0 67 52 66 37 67 0 56 6 51 52 56 0 62 35 66 6 62 0 67
0 22 22 46 50 22 0 37 24 45 22 37 0 29 28 46 24 29 0 57 50 45 28 57 0 57
0 38 35 18 16 38 0 3 24 22 35 3 0 21 19 18 24 21 0 2 16 22 19 2 0 38
0 6 26 33 27 6 0 20 39 33 26 20 0 59 53 33 39 59 0 18 27 33 53 18 0 59
0 2 61 23 45 2 0 63 25 47 61 63 0 49 74 23 25 49 0 25 45 47 74 25 0 74
0 17 51 52 51 17 0 68 66 34 51 68 0 36 82 52 66 36 0 83 51 34 82 83 0 83
0 64 22 21 36 64 0 42 81 56 22 42 0 43 14 21 81 43 0 57 36 56 14 57 0 81
0 31 76 30 39 31 0 45 1 45 76 45 0 46 81 30 1 46 0 44 39 45 81 44 0 81
0 10 13 38 27 10 0 3 28 18 13 3 0 31 21 38 28 31 0 19 27 18 21 19 0 38
0 7 1 11 20 7 0 6 18 19 1 6 0 12 19 11 18 12 0 15 20 19 19 15 0 20
0 44 39 15 21 44 0 33 43 51 39 33 0 54 18 15 43 54 0 36 21 51 18 36 0 54
0 27 34 6 3 27 0 55 27 24 34 55 0 28 31 6 27 28 0 3 3 24 31 3 0 55
0 39 24 42 32 39 0 30 19 22 24 30 0 49 8 42 19 49 0 41 32 22 8 41 0 49
0 59 29 15 16 59 0 77 74 75 29 77 0 14 13 15 74 14 0 1 16 75 13 1 0 77
0 27 48 59 1 27 0 21 85 26 48 21 0 93 47 59 85 93 0 59 1 26 47 59 0 93
0 13 18 38 39 13 0 31 25 52 18 31 0 56 57 38 25 56 0 53 39 52 57 53 0 57
0 46 56 47 38 46 0 14 3 60 56 14 0 17 58 47 3 17 0 57 38 60 58 57 0 60
0 13 16 5 10 13 0 19 8 13 16 19 0 11 16 5 8 11 0 5 10 13 16 5 0 19
0 19 24 26 50 19 0 36 38 62 24 36 0 2 26 26 38 2 0 24 50 62 26 24 0 62
0 15 21 29 7 15 0 36 44 22 21 36 0 50 28 29 44 50 0 22 7 22 28 22 0 50
0 19 13 34 10 19 0 12 53 9 13 12 0 47 3 34 53 47 0 44 10 9 3 44 0 53
0 25 43 23 1 25 0 47 2 24 43 47 0 49 42 23 2 49 0 22 1 24 42 22 0 49
0 39 18 15 50 39 0 57 24 11 18 57 0 33 58 15 24 33 0 35 50 11 58 35 0 58
0 30 46 4 10 30 0 48 26 40 46 48 0 50 56 4 26 50 0 14 10 40 56 14 0 56
0 23 39 34 30 23 0 16 44 50 39 16 0 28 34 34 44 28 0 6 30 50 34 6 0 50
0 44 74 67 49 44 0 66 56 5 74 66 0 49 71 67 56 49 0 61 49 5 71 61 0 74
0 34 37 35 38 34 0 3 39 4 37 3 0 41 1 35 39 41 0 42 38 4 1 42 0 42
0 41 56 10 4 41 0 82 31 37 56 82 0 66 60 10 31 66 0 6 4 37 60 6 0 82
0 10 18 4 27 10 0 8 14 17 18 8 0 22 25 4 14 22 0 31 27 17 25 31 0 31
0 17 25 43 42 17 0 42 60 59 25 42 0 68 17 43 60 68 0 85 42 59 17 85 0 85
0 15 33 69 79 15 0 48 56 80 33 48 0 70 46 69 56 70 0 71 79 80 46 71 0 80
0 59 34 25 57 59 0 80 71 42 34 80 0 9 47 25 71 9 0 38 57 42 47 38 0 80
0 98 41 71 88 98 0 88 59 49 41 88 0 77 65 71 59 77 0 98 88 49 65 98 0 98
0 64 92 59 55 64 0 53 94 53 92 53 0 98 57 59 94 98 0 41 55 53 57 41 0 98
0 86 95 47 63 86 0 46 87 57 95 46 0 95 76 47 87 95 0 95 63 57 76 95 0 95
0 21 36 63 34 21 0 57 42 13 36 57 0 76 62 63 42 76 0 55 34 13 62 55 0 76
0 8 72 18 73 8 0 65 26 65 72 65 0 69 12 18 26 69 0 61 73 65 12 61 0 73
0 17 44 61 54 17 0 52 45 52 44 52 0 84 55 61 45 84 0 32 54 52 55 32 0 84
0 17 5 4 12 17 0 22 18 5 5 22 0 9 17 4 18 9 0 16 12 5 17 16 0 22
0 65 5 45 59 65 0 62 87 66 5 62 0 40 54 45 87 40 0 33 59 66 54 33 0 87
0 29 30 46 53 29 0 3 17 24 30 3 0 20 27 46 17 20 0 41 53 24 27 41 0 53
0 45 88 61 34 45 0 65 16 11 88 65 0 76 54 61 16 76 0 27 34 11 54 27 0 88
0 14 78 15 33 14 0 70 1 47 78 70 0 71 76 15 1 71 0 48 33 47 76 48 0 78
0 57 46 53 32 57 0 43 28 25 46 43 0 39 18 53 28 39 0 21 32 25 18 21 0 57
0 29 59 54 28 29 0 81 51 57 59 81 0 100 31 54 51 100 0 82 28 57 31 82 0 100
0 30 26 79 41 30 0 4 57 19 26 4 0 53 15 79 57 53 0 41 41 19 15 41 0 79
0 29 51 45 22 29 0 50 39 16 51 50 0 43 36 45 39 43 0 23 22 16 36 23 0 51
0 90 14 13 82 90 0 80 79 78 14 80 0 1 68 13 79 1 0 69 82 78 68 69 0 90
0 64 48 40 76 64 0 65 80 89 48 65 0 21 57 40 80 21 0 36 76 89 57 36 0 89
0 67 59 53 5 67 0 71 14 72 59 71 0 57 54 53 14 57 0 58 5 72 54 58 0 72
0 76 87 36 72 76 0 76 40 53 87 76 0 72 49 36 40 72 0 68 72 53 49 68 0 87
0 42 45 32 3 42 0 67 10 39 45 67 0 57 48 32 10 57 0 35 3 39 48 35 0 67
0 47 9 43 27 47 0 38 36 20 9 38 0 34 18 43 36 34 0 16 27 20 18 16 0 47
0 26 39 56 5 26 0 25 41 21 39 25 0 43 34 56 41 43 0 61 5 21 34 61 0 61
0 34 11 16 43 34 0 23 28 9 11 23 0 5 32 16 28 5 0 31 43 9 32 31 0 43
0 71 60 27 47 71 0 16 63 47 60 16 0 53 63 27 63 53 0 53 47 47 63 53 0 71
0 21 57 18 9 21 0 62 39 19 57 62 0 39 66 18 39 39 0 27 9 19 66 27 0 66
0 31 15 1 18 31 0 40 32 44 15 40 0 16 4 1 32 16 0 19 18 44 4 19 0 44
0 12 40 50 5 12 0 42 52 7 40 42 0 10 35 50 52 10 0 45 5 7 35 45 0 52
0 24 54 7 27 24 0 30 17 3 54 30 0 47 33 7 17 47 0 20 27 3 33 20 0 54
0 16 60 6 31 16 0 64 10 35 60 64 0 54 91 6 10 54 0 37 31 35 91 37 0 91
0 66 59 79 79 66 0 7 14 28 59 7 0 21 35 79 14 21 0 42 79 28 35 42 0 79
0 1 24 28 6 1 0 25 29 7 24 25 0 6 28 28 29 6 0 22 6 7 28 22 0 29
0 91 16 37 34 91 0 97 54 57 16 97 0 49 46 37 54 49 0 3 34 57 46 3 0 97
0 55 80 39 68 55 0 40 16 23 80 40 0 43 63 39 16 43 0 39 68 23 63 39 0 80
0 19 76 1 38 19 0 84 20 57 76 84 0 77 66 1 20 77 0 37 38 57 66 37 0 84
0 57 86 74 45 57 0 93 34 12 86 93 0 64 81 74 34 64 0 43 45 12 81 43 0 93
0 40 15 22 48 40 0 55 18 9 15 55 0 37 63 22 18 37 0 27 48 9 63 27 0 63
0 2 30 16 50 2 0 32 14 48 30 32 0 25 45 16 14 25 0 34 50 48 45 34 0 50
0 19 32 48 43 19 0 30 46 41 32 30 0 16 11 48 46 16 0 5 43 41 11 5 0 48
0 51 56 62 75 51 0 5 11 40 56 5 0 16 45 62 11 16 0 48 75 40 45 48 0 75
0 20 12 41 38 20 0 8 37 34 12 8 0 29 26 41 37 29 0 12 38 34 26 12 0 41
0 6 2 23 13 6 0 4 27 15 2 4 0 25 11 23 27 25 0 36 13 15 11 36 0 36
0 73 71 58 37 73 0 50 63 74 71 50 0 13 34 58 63 13 0 21 37 74 34 21 0 74
0 35 90 32 47 35 0 61 3 42 90 61 0 58 62 32 3 58 0 39 47 42 62 39 0 90
0 62 85 63 73 62 0 58 1 11 85 58 0 59 47 63 1 59 0 12 73 11 47 12 0 85
0 44 41 30 51 44 0 52 32 55 41 52 0 71 36 30 32 71 0 64 51 55 36 64 0 71
0 1 25 21 42 1 0 24 22 41 25 24 0 46 65 21 22 46 0 63 42 41 65 63 0 65
0 26 25 43 20 26 0 1 17 6 25 1 0 18 5 43 17 18 0 23 20 6 5 23 0 43
0 89 60 94 55 89 0 29 12 69 60 29 0 41 53 94 12 41 0 81 55 69 53 81 0 94
0 20 72 57 26 20 0 79 37 46 72 79 0 46 72 57 37 46 0 32 26 46 72 32 0 79
0 5 68 18 28 5 0 72 13 23 68 72 0 59 70 18 13 59 0 36 28 23 70 36 0 72
0 25 19 25 45 25 0 6 50 40 19 6 0 44 46 25 50 44 0 54 45 40 46 54 0 54
0 45 69 77 57 45 0 97 59 80 69 97 0 38 72 77 59 38 0 34 57 80 72 34 0 97
0 92 58 58 51 92 0 43 60 43 58 43 0 17 7 58 60 17 0 24 51 43 7 24 0 92
0 56 30 30 10 56 0 27 66 46 30 27 0 40 40 30 66 40 0 20 10 46 40 20 0 66
0 19 24 25 25 19 0 43 6 44 24 43 0 49 1 25 6 49 0 50 25 44 1 50 0 50
0 24 16 9 50 24 0 8 15 42 16 8 0 7 34 9 15 7 0 41 50 42 34 41 0 50
0 2 15 29 30 2 0 13 27 32 15 13 0 14 45 29 27 14 0 36 30 32 45 36 0 45
0 45 37 25 30 45 0 36 20 29 37 36 0 28 7 25 20 28 0 21 30 29 7 21 0 45
0 51 70 38 26 51 0 34 45 25 70 34 0 79 59 38 45 79 0 20 26 25 59 20 0 79
0 48 44 38 35 48 0 4 17 20 44 4 0 13 16 38 17 13 0 3 35 20 16 3 0 48
0 67 31 27 16 67 0 84 80 79 31 84 0 4 18 27 80 4 0 22 16 79 18 22 0 84
0 36 21 24 23 36 0 15 18 18 21 15 0 3 16 24 18 3 0 19 23 18 16 19 0 36
0 71 65 67 42 71 0 50 23 48 65 50 0 53 62 67 23 53 0 25 42 48 62 25 0 71
0 16 50 49 84 16 0 34 55 79 50 34 0 29 90 49 55 29 0 100 84 79 90 100 0 100
0 52 36 65 27 52 0 38 52 49 36 38 0 64 40 65 52 64 0 59 27 49 40 59 0 65
0 31 24 45 8 31 0 39 29 23 24 39 0 53 16 45 29 53 0 37 8 23 16 37 0 53
0 3 25 47 22 3 0 22 50 25 25 22 0 72 8 47 50 72 0 69 22 25 8 69 0 72
0 65 16 36 27 65 0 81 85 90 16 81 0 20 11 36 85 20 0 9 27 90 11 9 0 90
0 20 51 47 42 20 0 71 67 62 51 71 0 37 32 47 67 37 0 5 42 62 32 5 0 71
0 93 59 8 37 93 0 85 89 56 59 85 0 51 56 8 89 51 0 45 37 56 56 45 0 93
0 72 85 58 47 72 0 81 14 25 85 81 0 67 78 58 14 67 0 11 47 25 78 11 0 85
0 61 53 53 59 61 0 17 50 47 53 17 0 36 30 53 50 36 0 6 59 47 30 6 0 61
0 5 15 13 10 5 0 10 8 5 15 10 0 8 5 13 8 8 0 3 10 5 5 3 0 15
0 28 1 38 35 28 0 27 10 28 1 27 0 37 36 38 10 37 0 18 35 28 36 18 0 38
0 43 58 50 85 43 0 50 7 42 58 50 0 43 60 50 7 43 0 35 85 42 60 35 0 85
0 55 56 38 52 55 0 13 91 17 56 13 0 78 4 38 91 78 0 82 52 17 4 82 0 91
0 78 55 46 31 78 0 61 70 78 55 61 0 9 52 46 70 9 0 43 31 78 52 43 0 78
0 57 32 53 29 57 0 64 78 41 32 64 0 85 61 53 78 85 0 70 29 41 61 70 0 85
0 12 41 5 2 12 0 53 17 10 41 53 0 44 43 5 17 44 0 7 2 10 43 7 0 53
0 25 28 8 41 25 0 3 25 16 28 3 0 28 19 8 25 28 0 41 41 16 19 41 0 41
0 44 43 55 21 44 0 45 51 23 43 45 0 12 22 55 51 12 0 34 21 23 22 34 0 55
0 84 78 75 90 84 0 69 35 6 78 69 0 85 64 75 35 85 0 29 90 6 64 29 0 90
0 48 11 40 41 48 0 37 62 33 11 37 0 29 52 40 62 29 0 73 41 33 52 73 0 73
0 10 45 37 12 10 0 35 27 2 45 35 0 42 37 37 27 42 0 25 12 2 37 25 0 45
0 77 60 75 72 77 0 92 16 18 60 92 0 81 76 75 16 81 0 34 72 18 76 34 0 92
0 49 50 46 25 49 0 20 3 26 50 20 0 23 46 46 3 23 0 23 25 26 46 23 0 50
0 7 34 16 1 7 0 41 23 8 34 41 0 50 35 16 23 50 0 15 1 8 35 15 0 50
0 39 13 47 47 39 0 35 68 8 13 35 0 34 43 47 68 34 0 62 47 8 43 62 0 68
0 72 58 64 52 72 0 18 8 32 58 18 0 16 14 64 8 16 0 30 52 32 14 30 0 72
0 28 15 26 48 28 0 34 2 37 15 34 0 36 63 26 2 36 0 35 48 37 63 35 0 63
0 78 67 97 59 78 0 32 58 24 67 32 0 72 8 97 58 72 0 64 59 24 8 64 0 97
0 57 41 43 6 57 0 56 69 51 41 56 0 27 41 43 69 27 0 37 6 51 41 37 0 69
0 9 33 28 29 9 0 24 37 38 33 24 0 61 14 28 37 61 0 57 29 38 14 57 0 61
0 50 46 46 67 50 0 17 38 81 46 17 0 50 81 46 38 50 0 43 67 81 81 43 0 81
0 31 21 47 62 31 0 44 18 81 21 44 0 26 41 47 18 26 0 63 62 81 41 63 0 81
0 28 81 70 64 28 0 95 90 36 81 95 0 38 75 70 90 38 0 84 64 36 75 84 0 95
0 27 25 25 23 27 0 41 4 50 25 41 0 37 30 25 4 37 0 48 23 50 30 48 0 50
0 67 31 49 48 67 0 60 42 51 31 60 0 18 17 49 42 18 0 35 48 51 17 35 0 67
0 96 98 52 73 96 0 54 71 79 98 54 0 73 25 52 71 73 0 48 73 79 25 48 0 98
0 31 57 72 65 31 0 44 41 36 57 44 0 42 8 72 41 42 0 42 65 36 8 42 0 72
0 66 73 62 96 66 0 51 27 36 73 51 0 72 46 62 27 72 0 63 96 36 46 63 0 96
0 28 14 34 40 28 0 26 8 21 14 26 0 20 26 34 8 20 0 29 40 21 26 29 0 40
0 44 28 19 55 44 0 17 63 63 28 17 0 47 80 19 63 47 0 36 55 63 80 36 0 80
0 32 20 4 18 32 0 16 28 14 20 16 0 16 2 4 28 16 0 14 18 14 2 14 0 32
0 3 68 58 55 3 0 71 55 52 68 71 0 52 22 58 55 52 0 38 55 52 22 38 0 71
0 25 34 39 75 25 0 9 14 50 34 9 0 23 59 39 14 23 0 64 75 50 59 64 0 75
0 49 33 43 68 49 0 68 58 33 33 68 0 18 35 43 58 18 0 25 68 33 35 25 0 68
0 40 36 62 84 40 0 76 96 45 36 76 0 26 63 62 96 26 0 78 84 45 63 78 0 96
0 85 18 55 29 85 0 67 52 78 18 67 0 37 11 55 52 37 0 44 29 78 11 44 0 85
0 55 54 67 62 55 0 19 27 27 54 19 0 19 8 67 27 19 0 11 62 27 8 11 0 67
0 77 60 49 82 77 0 83 53 95 60 83 0 30 97 49 53 30 0 77 82 95 97 77 0 97
0 70 21 19 64 70 0 51 51 6 21 51 0 2 47 19 51 2 0 45 64 6 47 45 0 70
0 33 63 47 52 33 0 42 26 19 63 42 0 16 23 47 26 16 0 7 52 19 23 7 0 63
0 25 22 32 49 25 0 25 7 46 22 25 0 24 33 32 7 24 0 53 49 46 33 53 0 53
0 25 69 40 34 25 0 57 15 9 69 57 0 54 48 40 15 54 0 6 34 9 48 6 0 69
0 47 38 10 58 47 0 10 37 63 38 10 0 28 59 10 37 28 0 48 58 63 59 48 0 63
0 20 63 36 26 20 0 43 16 6 63 43 0 59 37 36 16 59 0 22 26 6 37 22 0 63
0 23 23 16 23 23 0 14 7 14 23 14 0 7 14 16 7 7 0 7 23 14 14 7 0 23
0 15 7 43 37 15 0 8 28 22 7 8 0 36 30 43 28 36 0 27 37 22 30 27 0 43
0 12 31 32 66 12 0 19 44 78 31 19 0 43 97 32 44 43 0 65 66 78 97 65 0 97
0 59 23 2 89 59 0 78 57 67 23 78 0 21 90 2 57 21 0 87 89 67 90 87 0 90
0 28 27 43 12 28 0 1 25 26 27 1 0 24 27 43 25 24 0 31 12 26 27 31 0 43
0 1 28 38 2 1 0 29 37 3 28 29 0 11 30 38 37 11 0 40 2 3 30 40 0 40
0 26 4 40 9 26 0 29 65 35 4 29 0 36 12 40 65 36 0 31 9 35 12 31 0 65
0 49 51 6 60 49 0 36 43 11 51 36 0 57 25 6 43 57 0 54 60 11 25 54 0 60
0 80 53 57 51 80 0 28 54 29 53 28 0 26 57 57 54 26 0 59 51 29 57 59 0 80
0 72 72 21 42 72 0 32 75 54 72 32 0 93 74 21 75 93 0 21 42 54 74 21 0 93
0 63 3 53 32 63 0 60 85 95 3 60 0 56 35 53 85 56 0 73 32 95 35 73 0 95
0 30 57 16 31 30 0 27 14 29 57 27 0 41 54 16 14 41 0 15 31 29 54 15 0 57
0 83 43 35 52 83 0 97 54 54 43 97 0 78 89 35 54 78 0 86 52 54 89 86 0 97
0 44 61 74 26 44 0 99 30 36 61 99 0 81 70 74 30 81 0 66 26 36 70 66 0 99
0 81 86 61 31 81 0 5 43 64 86 5 0 38 59 61 43 38 0 59 31 64 59 59 0 86
0 31 48 35 47 31 0 17 4 16 48 17 0 13 1 35 4 13 0 12 47 16 1 12 0 48
0 76 78 73 67 76 0 48 53 59 78 48 0 5 11 73 53 5 0 6 67 59 11 6 0 78
0 91 25 49 21 91 0 88 73 70 25 88 0 71 26 49 73 71 0 45 21 70 26 45 0 91
0 51 43 32 5 51 0 33 44 46 43 33 0 11 38 32 44 11 0 27 5 46 38 27 0 51
0 19 31 66 42 19 0 12 66 42 31 12 0 54 30 66 66 54 0 24 42 42 30 24 0 66
0 34 15 73 51 34 0 49 51 17 15 49 0 58 66 73 51 58 0 34 51 17 66 34 0 73
0 2 9 13 12 2 0 11 15 14 9 11 0 22 3 13 15 22 0 25 12 14 3 25 0 25
0 20 42 52 67 20 0 22 49 80 42 22 0 69 74 52 49 69 0 31 67 80 74 31 0 80
0 23 6 51 19 23 0 29 53 42 6 29 0 57 25 51 53 57 0 32 19 42 25 32 0 57
0 59 69 49 44 59 0 10 66 29 69 10 0 76 39 49 66 76 0 37 44 29 39 37 0 76
0 35 29 23 62 35 0 64 58 43 29 64 0 6 33 23 58 6 0 39 62 43 33 39 0 64
0 15 11 30 44 15 0 4 15 29 11 4 0 19 33 30 15 19 0 14 44 29 33 14 0 44
0 9 21 22 24 9 0 12 13 15 21 12 0 1 3 22 13 1 0 4 24 15 3 4 0 24
0 38 31 47 8 38 0 7 29 30 31 7 0 22 23 47 29 22 0 39 8 30 23 39 0 47
0 66 45 30 20 66 0 41 96 46 45 41 0 75 25 30 96 75 0 50 20 46 25 50 0 96
0 58 25 61 32 58 0 53 68 26 25 53 0 36 27 61 68 36 0 63 32 26 27 63 0 68
0 62 21 42 15 62 0 50 29 66 21 50 0 21 36 42 29 21 0 57 15 66 36 57 0 66
0 55 99 43 32 55 0 96 34 23 99 96 0 79 81 43 34 79 0 11 32 23 81 11 0 99
0 23 5 20 26 23 0 28 3 3 5 28 0 25 31 20 3 25 0 6 26 3 31 6 0 31
0 51 57 90 75 51 0 37 50 89 57 37 0 67 83 90 50 67 0 43 75 89 83 43 0 90
0 47 88 71 60 47 0 67 24 13 88 67 0 82 71 71 24 82 0 17 60 13 71 17 0 88
0 66 63 63 40 66 0 49 48 26 63 49 0 46 23 63 48 46 0 23 40 26 23 23 0 66
0 46 13 39 51 46 0 33 7 48 13 33 0 26 56 39 7 26 0 55 51 48 56 55 0 56
0 35 36 39 48 35 0 30 31 13 36 30 0 3 17 39 31 3 0 18 48 13 17 18 0 48
0 48 34 29 52 48 0 59 27 21 34 59 0 32 42 29 27 32 0 23 52 21 42 23 0 59
0 67 26 35 76 67 0 50 41 70 26 50 0 9 50 35 41 9 0 41 76 70 50 41 0 76
0 42 42 45 95 42 0 24 87 82 42 24 0 87 58 45 87 87 0 99 95 82 58 99 0 99
0 90 83 67 74 90 0 31 39 16 83 31 0 39 47 67 39 39 0 23 74 16 47 23 0 90
0 75 48 15 19 75 0 53 60 56 48 53 0 33 29 15 60 33 0 4 19 56 29 4 0 75
0 25 10 26 21 25 0 35 5 10 10 35 0 36 31 26 5 36 0 5 21 10 31 5 0 36
0 29 38 20 21 29 0 67 9 23 38 67 0 58 59 20 9 58 0 14 21 23 59 14 0 67
0 72 45 83 8 72 0 27 99 80 45 27 0 88 53 83 99 88 0 91 8 80 53 91 0 99
0 11 51 62 80 11 0 40 51 69 51 40 0 39 48 62 51 39 0 39 80 69 48 39 0 80
0 40 53 46 82 40 0 77 86 93 53 77 0 63 69 46 86 63 0 36 82 93 69 36 0 93
0 61 14 47 42 61 0 66 65 70 14 66 0 33 28 47 65 33 0 5 42 70 28 5 0 70
0 24 51 57 22 24 0 29 33 46 51 29 0 34 29 57 33 34 0 63 22 46 29 63 0 63
0 81 85 83 48 81 0 11 9 33 85 11 0 2 37 83 9 2 0 35 48 33 37 35 0 85
0 10 16 12 27 10 0 26 22 37 16 26 0 4 19 12 22 4 0 15 27 37 19 15 0 37
0 63 80 37 39 63 0 38 47 49 80 38 0 80 78 37 47 80 0 2 39 49 78 2 0 80
0 54 56 31 44 54 0 48 23 38 56 48 0 25 47 31 23 25 0 61 44 38 47 61 0 61
0 31 39 19 6 31 0 8 27 25 39 8 0 35 33 19 27 35 0 13 6 25 33 13 0 39
0 12 24 16 13 12 0 12 27 24 24 12 0 15 12 16 27 15 0 3 13 24 12 3 0 27
0 41 100 61 78 41 0 73 20 81 100 73 0 61 62 61 20 61 0 79 78 81 62 79 0 100
0 13 3 14 3 13 0 16 27 10 3 16 0 17 6 14 27 17 0 17 3 10 6 17 0 27
0 30 91 69 65 30 0 61 80 62 91 61 0 34 69 69 80 34 0 94 65 62 69 94 0 94
0 60 67 35 51 60 0 38 25 41 67 38 0 51 67 35 25 51 0 16 51 41 67 16 0 67
0 13 26 5 68 13 0 13 18 66 26 13 0 31 79 5 18 31 0 63 68 66 79 63 0 79
0 24 66 83 58 24 0 42 59 34 66 42 0 17 63 83 59 17 0 77 58 34 63 77 0 83
0 30 45 65 1 30 0 75 44 31 45 75 0 93 44 65 44 93 0 66 1 31 44 66 0 93
0 9 7 46 6 9 0 16 53 3 7 16 0 53 13 46 53 53 0 52 6 3 13 52 0 53
0 58 23 50 42 58 0 40 13 16 23 40 0 27 56 50 13 27 0 29 42 16 56 29 0 58
0 53 56 47 38 53 0 49 17 40 56 49 0 59 80 47 17 59 0 57 38 40 80 57 0 80
0 2 34 20 20 2 0 36 22 22 34 36 0 54 54 20 22 54 0 40 20 22 54 40 0 54
0 48 51 72 57 48 0 48 24 54 51 48 0 24 6 72 24 24 0 30 57 54 6 30 0 72
0 65 52 2 60 65 0 23 67 14 52 23 0 50 9 2 67 50 0 59 60 14 9 59 0 67
0 92 70 95 91 92 0 36 33 61 70 36 0 35 83 95 33 35 0 48 91 61 83 48 0 95
0 52 22 32 26 52 0 41 61 64 22 41 0 54 48 32 61 54 0 6 26 64 48 6 0 64
0 3 41 4 9 3 0 38 1 6 41 38 0 39 32 4 1 39 0 7 9 6 32 7 0 41
0 30 40 9 77 30 0 70 39 56 40 70 0 31 38 9 39 31 0 69 77 56 38 69 0 77
0 66 56 67 98 66 0 10 28 33 56 10 0 18 43 67 28 18 0 46 98 33 43 46 0 98
0 78 49 79 87 78 0 29 8 67 49 29 0 37 38 79 8 37 0 64 87 67 38 64 0 87
0 36 8 23 10 36 0 28 14 27 8 28 0 31 18 23 14 31 0 13 10 27 18 13 0 36
0 20 50 43 49 20 0 30 51 51 50 30 0 21 81 43 51 21 0 92 49 51 81 92 0 92
0 40 23 46 27 40 0 31 82 35 23 31 0 51 4 46 82 51 0 55 27 35 4 55 0 82
0 94 33 74 41 94 0 72 35 76 33 72 0 41 58 74 35 41 0 77 41 76 58 77 0 94
0 80 24 39 48 80 0 98 83 61 24 98 0 58 37 39 83 58 0 61 48 61 37 61 0 98
0 59 66 63 88 59 0 7 10 36 66 7 0 3 29 63 10 3 0 26 88 36 29 26 0 88
0 85 85 90 88 85 0 45 53 55 85 45 0 36 10 90 53 36 0 26 88 55 10 26 0 90
0 6 31 70 46 6 0 25 68 52 31 25 0 81 36 70 68 81 0 62 46 52 36 62 0 81
0 47 48 60 22 47 0 66 50 69 48 66 0 85 70 60 50 85 0 38 22 69 70 38 0 85
0 24 30 16 23 24 0 11 8 15 30 11 0 14 21 16 8 14 0 7 23 15 21 7 0 30
0 52 40 85 81 52 0 25 55 52 40 25 0 48 71 85 55 48 0 87 81 52 71 87 0 87
0 44 38 70 55 44 0 54 31 37 38 54 0 35 17 70 31 35 0 18 55 37 17 18 0 70
0 39 4 90 52 39 0 43 73 43 4 43 0 92 53 90 73 92 0 39 52 43 53 39 0 92
0 77 46 40 53 77 0 39 37 32 46 39 0 6 7 40 37 6 0 13 53 32 7 13 0 77
0 59 46 82 83 59 0 13 44 24 46 13 0 36 37 82 44 36 0 20 83 24 37 20 0 83
0 1 12 3 16 1 0 11 4 15 12 11 0 15 4 3 4 15 0 19 16 15 4 19 0 19
0 46 25 70 42 46 0 21 35 22 25 21 0 56 43 70 35 56 0 32 42 22 43 32 0 70
0 57 55 63 60 57 0 2 10 7 55 2 0 8 5 63 10 8 0 13 60 7 5 13 0 63
0 42 3 63 65 42 0 45 62 51 3 45 0 66 68 63 62 66 0 18 65 51 68 18 0 68
0 67 99 53 55 67 0 50 31 12 99 50 0 81 62 53 31 81 0 19 55 12 62 19 0 99
0 4 68 17 67 4 0 64 13 63 68 64 0 51 57 17 13 51 0 50 67 63 57 50 0 68
0 9 27 58 45 9 0 36 67 45 27 36 0 67 22 58 67 67 0 50 45 45 22 50 0 67
0 49 50 38 8 49 0 49 61 53 50 49 0 12 56 38 61 12 0 46 8 53 56 46 0 61
0 15 27 33 10 15 0 37 48 25 27 37 0 60 37 33 48 60 0 43 10 25 37 43 0 60
0 58 33 1 55 58 0 44 59 3 33 44 0 32 47 1 59 32 0 56 55 3 47 56 0 59
0 32 14 63 17 32 0 18 57 21 14 18 0 49 3 63 57 49 0 52 17 21 3 52 0 63
0 27 12 48 8 27 0 15 59 19 12 15 0 44 4 48 59 44 0 40 8 19 4 40 0 59
0 23 23 20 46 23 0 6 30 56 23 6 0 24 50 20 30 24 0 26 46 56 50 26 0 56
0 7 34 36 59 7 0 41 43 52 34 41 0 32 81 36 43 32 0 65 59 52 81 65 0 81
0 31 32 79 38 31 0 56 89 50 32 56 0 47 6 79 89 47 0 41 38 50 6 41 0 89
0 26 46 32 69 26 0 55 40 43 46 55 0 61 42 32 40 61 0 45 69 43 42 45 0 69
0 44 64 65 44 44 0 20 74 23 64 20 0 54 37 65 74 54 0 82 44 23 37 82 0 82
0 52 3 1 67 52 0 53 51 51 3 53 0 2 68 1 51 2 0 66 67 51 68 66 0 68
0 2 21 4 19 2 0 19 2 21 21 19 0 21 40 4 2 21 0 23 19 21 40 23 0 40
0 33 44 19 41 33 0 11 49 8 44 11 0 38 3 19 49 38 0 41 41 8 3 41 0 49
0 64 59 9 33 64 0 49 55 43 59 49 0 68 28 9 55 68 0 42 33 43 28 42 0 68
0 2 12 23 4 2 0 10 21 2 12 10 0 11 8 23 21 11 0 19 4 2 8 19 0 23
0 34 16 39 20 34 0 44 19 40 16 44 0 25 4 39 19 25 0 29 20 40 4 29 0 44
0 1 4 16 29 1 0 5 17 30 4 5 0 12 25 16 17 12 0 37 29 30 25 37 0 37
0 77 46 24 69 77 0 31 53 41 46 31 0 22 66 24 53 22 0 45 69 41 66 45 0 77
0 36 17 33 22 36 0 19 27 14 17 19 0 16 5 33 27 16 0 21 22 14 5 21 0 36
0 74 61 11 12 74 0 91 85 86 61 91 0 50 49 11 85 50 0 1 12 86 49 1 0 91
0 1 24 37 37 1 0 25 38 38 24 25 0 16 13 37 38 16 0 3 37 38 13 3 0 38
0 8 21 13 22 8 0 13 5 30 21 13 0 8 38 13 5 8 0 35 22 30 38 35 0 38
0 3 17 6 19 3 0 14 3 16 17 14 0 17 30 6 3 17 0 13 19 16 30 13 0 30
0 59 7 34 75 59 0 53 51 77 7 53 0 41 77 34 51 41 0 57 75 77 77 57 0 77
0 11 33 15 30 11 0 22 4 26 33 22 0 18 40 15 4 18 0 22 30 26 40 22 0 40
0 15 72 19 2 15 0 62 13 17 72 62 0 63 74 19 13 63 0 17 2 17 74 17 0 74
0 72 44 21 28 72 0 43 66 67 44 43 0 23 24 21 66 23 0 47 28 67 24 47 0 72
0 58 75 24 66 58 0 17 82 32 75 17 0 71 15 24 82 71 0 56 66 32 15 56 0 82
0 2 3 46 61 2 0 1 44 63 3 1 0 43 64 46 44 43 0 97 61 63 64 97 0 97
0 12 9 21 12 12 0 3 33 6 9 3 0 30 3 21 33 30 0 33 12 6 3 33 0 33
0 21 10 30 54 21 0 13 51 48 10 13 0 40 58 30 51 40 0 59 54 48 58 59 0 59
0 17 43 39 61 17 0 26 56 53 43 26 0 49 27 39 56 49 0 22 61 53 27 22 0 61
0 63 41 16 26 63 0 72 47 57 41 72 0 25 35 16 47 25 0 10 26 57 35 10 0 72
0 29 70 77 64 29 0 41 65 72 70 41 0 57 31 77 65 57 0 26 64 72 31 26 0 77
0 56 42 41 34 56 0 36 15 28 42 36 0 41 8 41 15 41 0 33 34 28 8 33 0 56
0 60 76 55 90 60 0 61 32 72 76 61 0 32 72 55 32 32 0 79 90 72 72 79 0 90
0 56 36 72 43 56 0 34 73 27 36 34 0 39 7 72 73 39 0 46 43 27 7 46 0 73
0 37 53 46 13 37 0 64 57 24 53 64 0 7 40 46 57 7 0 33 13 24 40 33 0 64
0 4 20 35 40 4 0 24 39 44 20 24 0 38 20 35 39 38 0 18 40 44 20 18 0 44
0 19 33 8 4 19 0 24 11 15 33 24 0 33 29 8 11 33 0 4 4 15 29 4 0 33
0 30 27 22 37 30 0 54 52 67 27 54 0 5 20 22 52 5 0 15 37 67 20 15 0 67
0 37 62 43 14 37 0 74 71 51 62 74 0 44 71 43 71 44 0 57 14 51 71 57 0 74
0 41 11 22 59 41 0 30 41 18 11 30 0 11 48 22 41 11 0 37 59 18 48 37 0 59
0 52 48 58 62 52 0 52 79 10 48 52 0 29 42 58 79 29 0 71 62 10 42 71 0 79
0 49 10 25 15 49 0 52 67 64 10 52 0 15 25 25 67 15 0 40 15 64 25 40 0 67
0 59 34 44 76 59 0 25 65 89 34 25 0 40 64 44 65 40 0 65 76 89 64 65 0 89
0 100 95 44 72 100 0 77 75 74 95 77 0 81 99 44 75 81 0 79 72 74 99 79 0 100
0 37 40 25 29 37 0 31 51 8 40 31 0 65 39 25 51 65 0 43 29 8 39 43 0 65
0 27 53 70 9 27 0 80 84 18 53 80 0 48 62 70 84 48 0 79 9 18 62 79 0 84
0 75 84 86 72 75 0 27 11 3 84 27 0 38 24 86 11 38 0 14 72 3 24 14 0 86
0 92 79 80 97 92 0 19 18 53 79 19 0 1 36 80 18 1 0 35 97 53 36 35 0 97
0 66 33 72 43 66 0 33 94 43 33 33 0 73 10 72 94 73 0 83 43 43 10 83 0 94
0 24 19 16 30 24 0 11 8 14 19 11 0 3 25 16 8 3 0 22 30 14 25 22 0 30
0 20 17 23 57 20 0 37 43 77 17 37 0 14 48 23 43 14 0 34 57 77 48 34 0 77
0 34 15 24 10 34 0 19 40 44 15 19 0 21 25 24 40 21 0 14 10 44 25 14 0 44
0 39 13 61 32 39 0 52 22 71 13 52 0 70 19 61 22 70 0 57 32 71 19 57 0 71
0 28 25 15 28 28 0 30 43 52 25 30 0 40 31 15 43 40 0 43 28 52 31 43 0 52
0 76 39 7 44 76 0 58 78 41 39 58 0 32 41 7 78 32 0 37 44 41 41 37 0 78
0 45 38 53 70 45 0 7 22 53 38 7 0 15 46 53 22 15 0 31 70 53 46 31 0 70
0 24 47 15 18 24 0 64 39 28 47 64 0 35 51 15 39 35 0 20 18 28 51 20 0 64
0 44 24 16 6 44 0 56 48 38 24 56 0 28 18 16 48 28 0 10 6 38 18 10 0 56
0 42 45 10 27 42 0 63 32 69 45 63 0 35 60 10 32 35 0 37 27 69 60 37 0 69
0 47 41 6 1 47 0 7 43 46 41 7 0 47 42 6 43 47 0 5 1 46 42 5 0 47
0 68 85 96 66 68 0 51 40 50 85 51 0 11 88 96 40 11 0 77 66 50 88 77 0 96
0 3 11 37 62 3 0 8 40 59 11 8 0 48 51 37 40 48 0 77 62 59 51 77 0 77
0 47 40 89 44 47 0 71 48 73 40 71 0 49 4 89 48 49 0 53 44 73 4 53 0 89
0 29 36 35 64 29 0 65 27 44 36 65 0 71 69 35 27 71 0 29 64 44 69 29 0 71
0 39 57 33 55 39 0 18 47 71 57 18 0 63 53 33 47 63 0 86 55 71 53 86 0 86
0 32 45 55 23 32 0 77 87 9 45 77 0 77 68 55 87 77 0 78 23 9 68 78 0 87
0 61 60 9 52 61 0 27 70 19 60 27 0 57 8 9 70 57 0 54 52 19 8 54 0 70
0 4 30 13 41 4 0 26 17 45 30 26 0 43 71 13 17 43 0 28 41 45 71 28 0 71
0 38 29 20 10 38 0 67 42 48 29 67 0 49 39 20 42 49 0 10 10 48 39 10 0 67
0 18 43 1 51 18 0 56 19 69 43 56 0 42 43 1 19 42 0 50 51 69 43 50 0 69
0 27 54 36 73 27 0 27 9 46 54 27 0 36 67 36 9 36 0 51 73 46 67 51 0 73
0 39 65 12 48 39 0 53 51 52 65 53 0 77 55 12 51 77 0 36 48 52 55 36 0 77
0 9 10 20 6 9 0 1 29 15 10 1 0 30 16 20 29 30 0 26 6 15 16 26 0 30
0 6 29 20 16 6 0 23 26 22 29 23 0 22 26 20 26 22 0 4 16 22 26 4 0 29
0 81 61 61 31 81 0 46 25 59 61 46 0 39 30 61 25 39 0 63 31 59 30 63 0 81
0 56 10 58 41 56 0 46 2 15 10 46 0 48 31 58 2 48 0 17 41 15 31 17 0 58
0 78 58 64 62 78 0 20 16 16 58 20 0 6 4 64 16 6 0 10 62 16 4 10 0 78
0 7 49 21 25 7 0 56 14 18 49 56 0 60 56 21 14 60 0 4 25 18 56 4 0 60
0 15 22 3 30 15 0 37 18 45 22 37 0 19 46 3 18 19 0 27 30 45 46 27 0 46
0 35 22 8 4 35 0 57 35 31 22 57 0 30 26 8 35 30 0 4 4 31 26 4 0 57
0 55 51 50 25 55 0 42 5 49 51 42 0 37 26 50 5 37 0 44 25 49 26 44 0 55
0 59 53 34 56 59 0 39 49 57 53 39 0 52 70 34 49 52 0 65 56 57 70 65 0 70
0 70 35 15 30 70 0 59 85 80 35 59 0 48 65 15 85 48 0 45 30 80 65 45 0 85
0 50 48 85 32 50 0 33 45 49 48 33 0 37 16 85 45 37 0 53 32 49 16 53 0 85
0 38 35 40 34 38 0 35 48 36 35 35 0 19 1 40 48 19 0 18 34 36 1 18 0 48
0 29 39 17 48 29 0 10 42 19 39 10 0 52 9 17 42 52 0 49 48 19 9 49 0 52
0 55 58 95 15 55 0 83 54 40 58 83 0 44 43 95 54 44 0 87 15 40 43 87 0 95
0 90 41 47 28 90 0 77 71 74 41 77 0 6 33 47 71 6 0 39 28 74 33 39 0 90
0 33 71 25 34 33 0 85 15 25 71 85 0 70 84 25 15 70 0 40 34 25 84 40 0 85
0 49 68 65 21 49 0 55 93 60 68 55 0 82 47 65 93 82 0 44 21 60 47 44 0 93
0 42 28 37 21 42 0 55 52 62 28 55 0 26 7 37 52 26 0 19 21 62 7 19 0 62
0 48 38 16 54 48 0 61 56 43 38 61 0 22 60 16 56 22 0 38 54 43 60 38 0 61
0 2 5 41 24 2 0 3 39 22 5 3 0 36 25 41 39 36 0 30 24 22 25 30 0 41
0 85 64 39 49 85 0 34 46 49 64 34 0 50 15 39 46 50 0 43 49 49 15 43 0 85
0 66 58 35 91 66 0 15 70 92 58 15 0 83 77 35 70 83 0 57 91 92 77 57 0 92
0 66 38 95 52 66 0 48 78 14 38 48 0 66 34 95 78 66 0 71 52 14 34 71 0 95
0 29 27 22 52 29 0 12 7 37 27 12 0 7 37 22 7 7 0 30 52 37 37 30 0 52
0 77 52 56 57 77 0 41 69 46 52 41 0 59 5 56 69 59 0 64 57 46 5 64 0 77
0 4 43 14 2 4 0 39 10 6 43 39 0 29 45 14 10 29 0 16 2 6 45 16 0 45
0 33 12 28 21 33 0 21 8 16 12 21 0 29 33 28 8 29 0 24 21 16 33 24 0 33
0 55 16 36 60 55 0 71 83 76 16 71 0 20 44 36 83 20 0 24 60 76 44 24 0 83
0 32 34 16 40 32 0 2 22 8 34 2 0 20 6 16 22 20 0 26 40 8 6 26 0 40
0 14 42 25 16 14 0 56 11 2 42 56 0 59 58 25 11 59 0 9 16 2 58 9 0 59
0 17 32 2 19 17 0 28 19 36 32 28 0 34 37 2 19 34 0 17 19 36 37 17 0 37
0 9 88 29 70 9 0 85 20 71 88 85 0 69 18 29 20 69 0 51 70 71 18 51 0 88
0 71 23 77 51 71 0 48 55 79 23 48 0 95 64 77 55 95 0 84 51 79 64 84 0 95
0 70 50 45 21 70 0 20 42 49 50 20 0 27 29 45 42 27 0 24 21 49 29 24 0 70
0 34 53 15 8 34 0 19 34 42 53 19 0 53 61 15 34 53 0 23 8 42 61 23 0 61
0 34 30 34 61 34 0 18 15 66 30 18 0 4 50 34 15 4 0 54 61 66 50 54 0 66
0 64 69 39 47 64 0 58 44 36 69 58 0 30 22 39 44 30 0 8 47 36 22 8 0 69
0 10 45 28 24 10 0 35 38 33 45 35 0 73 68 28 38 73 0 24 24 33 68 24 0 73
0 43 31 17 70 43 0 25 39 73 31 25 0 48 89 17 39 48 0 87 70 73 89 87 0 89
0 10 84 23 21 10 0 74 13 11 84 74 0 75 63 23 13 75 0 24 21 11 63 24 0 84
0 80 70 52 75 80 0 46 28 64 70 46 0 18 35 52 28 18 0 53 75 64 35 53 0 80
0 35 86 81 37 35 0 51 46 2 86 51 0 58 49 81 46 58 0 44 37 2 49 44 0 86
0 12 73 64 81 12 0 61 76 93 73 61 0 16 75 64 76 16 0 59 81 93 75 59 0 93
0 43 35 21 15 43 0 19 22 28 35 19 0 26 20 21 22 26 0 6 15 28 20 6 0 43
0 75 86 90 9 75 0 63 75 66 86 63 0 82 81 90 75 82 0 83 9 66 81 83 0 90
0 21 48 45 53 21 0 27 27 32 48 27 0 52 29 45 27 52 0 23 53 32 29 23 0 53
0 9 33 7 41 9 0 24 16 32 33 24 0 40 56 7 16 40 0 42 41 32 56 42 0 56
0 91 58 55 38 91 0 60 66 66 58 60 0 89 95 55 66 89 0 93 38 66 95 93 0 95
0 21 46 7 13 21 0 25 28 34 46 25 0 49 55 7 28 49 0 6 13 34 55 6 0 55
0 46 25 94 49 46 0 62 85 3 25 62 0 82 59 94 85 82 0 82 49 3 59 82 0 94
0 40 48 61 74 40 0 8 21 34 48 8 0 13 26 61 21 13 0 39 74 34 26 39 0 74
0 19 78 74 100 19 0 59 57 82 78 59 0 49 89 74 57 49 0 40 100 82 89 40 0 100
0 27 45 19 70 27 0 72 46 43 45 72 0 64 80 19 46 64 0 86 70 43 80 86 0 86
0 18 20 8 38 18 0 36 10 31 20 36 0 28 58 8 10 28 0 30 38 31 58 30 0 58
0 89 39 20 62 89 0 66 79 60 39 66 0 59 23 20 79 59 0 43 62 60 23 43 0 89
0 55 40 48 84 55 0 15 23 37 40 15 0 8 52 48 23 8 0 56 84 37 52 56 0 84
0 63 26 69 62 63 0 37 8 1 26 37 0 43 36 69 8 43 0 7 62 1 36 7 0 69
0 46 57 60 67 46 0 11 73 76 57 11 0 65 65 60 73 65 0 7 67 76 65 7 0 76
0 37 42 45 20 37 0 15 12 39 42 15 0 3 31 45 12 3 0 28 20 39 31 28 0 45
0 4 1 12 30 4 0 3 16 26 1 3 0 13 29 12 16 13 0 18 30 26 29 18 0 30
0 8 57 27 29 8 0 49 35 21 57 49 0 39 28 27 35 39 0 56 29 21 28 56 0 57
0 31 27 24 64 31 0 30 33 33 27 30 0 3 63 24 33 3 0 66 64 33 63 66 0 66
0 28 29 38 18 28 0 49 10 46 29 49 0 59 28 38 10 59 0 43 18 46 28 43 0 59
0 4 11 32 12 4 0 15 36 16 11 15 0 21 23 32 36 21 0 37 12 16 23 37 0 37
0 22 60 10 29 22 0 54 12 19 60 54 0 50 66 10 12 50 0 19 29 19 66 19 0 66
0 40 34 58 41 40 0 74 18 55 34 74 0 65 26 58 18 65 0 39 41 55 26 39 0 74
0 25 26 28 20 25 0 17 19 5 26 17 0 2 12 28 19 2 0 14 20 5 12 14 0 28
0 93 92 82 95 93 0 28 11 35 92 28 0 39 37 82 11 39 0 24 95 35 37 24 0 95
0 47 40 38 64 47 0 7 85 36 40 7 0 78 36 38 85 78 0 70 64 36 36 70 0 85
0 19 56 84 84 19 0 37 65 92 56 37 0 82 76 84 65 82 0 60 84 92 76 60 0 92
0 41 34 35 37 41 0 14 6 17 34 14 0 20 25 35 6 20 0 23 37 17 25 23 0 41
0 42 45 57 62 42 0 64 15 20 45 64 0 76 66 57 15 76 0 35 62 20 66 35 0 76
0 34 19 75 66 34 0 53 52 99 19 53 0 56 84 75 52 56 0 69 66 99 84 69 0 99
0 19 14 39 21 19 0 33 58 2 14 33 0 25 35 39 58 25 0 60 21 2 35 60 0 60
0 47 35 47 39 47 0 12 31 16 35 12 0 19 4 47 31 19 0 15 39 16 4 15 0 47
0 43 72 74 86 43 0 40 31 43 72 40 0 52 36 74 31 52 0 55 86 43 36 55 0 86
0 43 38 18 37 43 0 81 25 44 38 81 0 56 67 18 25 56 0 19 37 44 67 19 0 81
0 40 16 4 46 40 0 56 36 23 16 56 0 20 55 4 36 20 0 50 46 23 55 50 0 56
0 21 51 37 46 21 0 30 16 67 51 30 0 14 72 37 16 14 0 71 46 67 72 71 0 72
0 74 53 25 48 74 0 57 54 54 53 57 0 28 51 25 54 28 0 23 48 54 51 23 0 74
0 46 10 9 9 46 0 36 37 40 10 36 0 1 4 9 37 1 0 3 9 40 4 3 0 46
0 32 44 23 37 32 0 76 55 26 44 76 0 38 79 23 55 38 0 60 37 26 79 60 0 79
0 14 56 56 60 14 0 60 42 56 56 60 0 18 4 56 42 18 0 14 60 56 4 14 0 60
0 15 17 41 31 15 0 32 26 46 17 32 0 32 48 41 26 32 0 57 31 46 48 57 0 57
0 67 33 20 28 67 0 34 51 43 33 34 0 23 15 20 51 23 0 8 28 43 15 8 0 67
0 19 1 6 8 19 0 18 13 11 1 18 0 5 7 6 13 5 0 2 8 11 7 2 0 19
0 19 21 53 22 19 0 23 58 3 21 23 0 74 20 53 58 74 0 61 22 3 20 61 0 74
0 43 44 61 53 43 0 1 41 61 44 1 0 40 62 61 41 40 0 46 53 61 62 46 0 62
0 40 22 32 34 40 0 34 44 46 22 34 0 10 12 32 44 10 0 2 34 46 12 2 0 46
0 12 36 15 48 12 0 24 3 36 36 24 0 27 42 15 3 27 0 39 48 36 42 39 0 48
0 77 83 49 47 77 0 18 52 50 83 18 0 63 65 49 52 63 0 2 47 50 65 2 0 83
0 78 68 83 69 78 0 10 26 11 68 10 0 16 1 83 26 16 0 15 69 11 1 15 0 83
0 69 69 11 65 69 0 86 58 24 69 86 0 80 62 11 58 80 0 76 65 24 62 76 0 86
0 14 8 56 30 14 0 6 48 28 8 6 0 48 22 56 48 48 0 37 30 28 22 37 0 56
0 8 36 48 27 8 0 28 56 35 36 28 0 55 34 48 56 55 0 21 27 35 34 21 0 56
0 52 92 51 78 52 0 42 1 34 92 42 0 41 47 51 1 41 0 35 78 34 47 35 0 92
0 2 42 10 24 2 0 40 8 22 42 40 0 32 46 10 8 32 0 14 24 22 46 14 0 46
0 20 5 40 32 20 0 25 20 12 5 25 0 45 37 40 20 45 0 11 32 12 37 11 0 45
0 65 46 65 63 65 0 72 27 55 46 72 0 70 17 65 27 70 0 80 63 55 17 80 0 80
0 73 54 50 39 73 0 28 23 34 54 28 0 18 15 50 23 18 0 11 39 34 15 11 0 73
0 56 76 49 52 56 0 38 27 4 76 38 0 27 34 49 27 27 0 31 52 4 34 31 0 76
0 18 61 25 12 18 0 51 7 30 61 51 0 44 49 25 7 44 0 37 12 30 49 37 0 61
0 29 20 99 68 29 0 49 78 39 20 49 0 88 71 99 78 88 0 39 68 39 71 39 0 99
0 71 3 76 21 71 0 74 66 92 3 74 0 74 18 76 66 74 0 81 21 92 18 81 0 92
0 35 54 41 53 35 0 19 47 18 54 19 0 28 1 41 47 28 0 29 53 18 1 29 0 54
0 31 44 55 73 31 0 13 33 65 44 13 0 20 52 55 33 20 0 65 73 65 52 65 0 73
0 14 16 2 4 14 0 2 16 18 16 2 0 18 20 2 16 18 0 6 4 18 20 6 0 20
0 89 35 88 56 89 0 79 81 93 35 79 0 67 85 88 81 67 0 36 56 93 85 36 0 93
0 35 19 89 20 35 0 16 84 15 19 16 0 70 1 89 84 70 0 69 20 15 1 69 0 89
0 6 21 22 51 6 0 15 27 57 21 15 0 12 64 22 27 12 0 52 51 57 64 52 0 64
0 19 13 73 54 19 0 32 66 44 13 32 0 60 41 73 66 60 0 76 54 44 41 76 0 76
0 46 68 79 57 46 0 22 54 58 68 22 0 32 36 79 54 32 0 68 57 58 36 68 0 79
0 10 21 1 48 10 0 31 11 38 21 31 0 20 42 1 11 20 0 49 48 38 42 49 0 49
0 64 43 5 39 64 0 60 69 71 43 60 0 38 11 5 69 38 0 34 39 71 11 34 0 71
0 55 43 54 73 55 0 12 100 88 43 12 0 95 83 54 100 95 0 19 73 88 83 19 0 100
0 38 63 70 64 38 0 93 82 26 63 93 0 47 68 70 82 47 0 56 64 26 68 56 0 93
0 52 66 67 60 52 0 14 48 8 66 14 0 55 22 67 48 55 0 40 60 8 22 40 0 67
0 31 63 32 27 31 0 40 63 4 63 40 0 56 36 32 63 56 0 59 27 4 36 59 0 63
0 11 13 3 15 11 0 2 14 26 13 2 0 16 28 3 14 16 0 18 15 26 28 18 0 28
0 4 28 10 27 4 0 32 14 31 28 32 0 18 40 10 14 18 0 22 27 31 40 22 0 40
0 54 62 21 24 54 0 28 75 53 62 28 0 50 38 21 75 50 0 45 24 53 38 45 0 75
0 4 30 41 42 4 0 26 37 44 30 26 0 26 19 41 37 26 0 7 42 44 19 7 0 44
0 27 83 34 56 27 0 84 35 36 83 84 0 49 61 34 35 49 0 71 56 36 61 71 0 84
0 56 56 55 49 56 0 37 38 53 56 37 0 1 16 55 38 1 0 17 49 53 16 17 0 56
0 81 56 50 99 81 0 84 70 71 56 84 0 71 70 50 70 71 0 54 99 71 70 54 0 99
0 41 2 14 26 41 0 39 55 60 2 39 0 16 24 14 55 16 0 29 26 60 24 29 0 60
0 49 18 30 66 49 0 31 19 79 18 31 0 12 48 30 19 12 0 60 66 79 48 60 0 79
0 87 80 35 30 87 0 57 61 74 80 57 0 83 70 35 61 83 0 35 30 74 70 35 0 87
0 9 36 27 7 9 0 27 18 2 36 27 0 24 29 27 18 24 0 20 7 2 29 20 0 36
0 68 48 86 56 68 0 20 67 29 48 20 0 54 46 86 67 54 0 38 56 29 46 38 0 86
0 42 47 15 61 42 0 31 27 19 47 31 0 58 50 15 27 58 0 46 61 19 50 46 0 61
0 23 29 47 7 23 0 6 37 16 29 6 0 43 22 47 37 43 0 53 7 16 22 53 0 53
0 37 72 91 19 37 0 35 73 18 72 35 0 79 53 91 73 79 0 80 19 18 53 80 0 91
0 57 71 58 22 57 0 76 59 35 71 76 0 42 49 58 59 42 0 36 22 35 49 36 0 76
0 84 97 42 94 84 0 83 67 91 97 83 0 57 14 42 67 57 0 71 94 91 14 71 0 97
0 94 61 50 59 94 0 99 74 35 61 99 0 44 83 50 74 44 0 39 59 35 83 39 0 99
0 58 48 40 41 58 0 10 37 36 48 10 0 47 46 40 37 47 0 1 41 36 46 1 0 58
0 45 46 69 51 45 0 1 48 68 46 1 0 49 67 69 48 49 0 46 51 68 67 46 0 69
0 29 7 63 62 29 0 22 88 72 7 22 0 66 55 63 88 66 0 60 62 72 55 60 0 88
0 64 26 17 94 64 0 38 47 32 26 38 0 9 68 17 47 9 0 77 94 32 68 77 0 94
0 12 60 54 11 12 0 54 42 1 60 54 0 12 55 54 42 12 0 43 11 1 55 43 0 60
0 20 16 18 16 20 0 6 8 36 16 6 0 2 32 18 8 2 0 34 16 36 32 34 0 36
0 22 29 9 52 22 0 35 13 56 29 35 0 38 81 9 13 38 0 43 52 56 81 43 0 81
0 53 45 76 52 53 0 22 38 38 45 22 0 60 60 76 38 60 0 76 52 38 60 76 0 76
0 27 6 11 33 27 0 21 26 32 6 21 0 5 27 11 26 5 0 32 33 32 27 32 0 33
0 29 55 65 33 29 0 26 36 62 55 26 0 10 84 65 36 10 0 74 33 62 84 74 0 84
0 6 36 31 35 6 0 42 25 41 36 42 0 19 1 31 25 19 0 18 35 41 1 18 0 42
0 42 74 60 82 42 0 38 20 57 74 38 0 58 19 60 20 58 0 77 82 57 19 77 0 82
0 83 91 89 92 83 0 80 19 83 91 80 0 63 6 89 19 63 0 64 92 83 6 64 0 92
0 56 52 32 39 56 0 68 24 17 52 68 0 44 51 32 24 44 0 7 39 17 51 7 0 68
0 56 20 11 30 56 0 53 50 36 20 53 0 31 50 11 50 31 0 41 30 36 50 41 0 56
0 16 72 48 67 16 0 56 32 83 72 56 0 38 74 48 32 38 0 100 67 83 74 100 0 100
0 20 72 54 60 20 0 92 74 80 72 92 0 45 78 54 74 45 0 33 60 80 78 33 0 92
0 57 40 52 38 57 0 40 5 19 40 40 0 45 59 52 5 45 0 14 38 19 59 14 0 59
0 81 69 24 23 81 0 12 65 80 69 12 0 70 92 24 65 70 0 30 23 80 92 30 0 92
0 47 71 28 69 47 0 54 33 74 71 54 0 43 55 28 33 43 0 41 69 74 55 41 0 74
0 75 40 20 64 75 0 87 95 18 40 87 0 20 70 20 95 20 0 84 64 18 70 84 0 95
0 12 40 2 26 12 0 44 14 28 40 44 0 42 66 2 14 42 0 24 26 28 66 24 0 66
0 24 29 12 15 24 0 5 12 32 29 5 0 17 37 12 12 17 0 20 15 32 37 20 0 37
0 14 21 26 66 14 0 7 12 58 21 7 0 5 51 26 12 5 0 46 66 58 51 46 0 66
0 7 30 29 18 7 0 23 31 11 30 23 0 54 12 29 31 54 0 42 18 11 12 42 0 54
0 58 92 45 88 58 0 41 38 80 92 41 0 79 48 45 38 79 0 77 88 80 48 77 0 92
0 9 3 15 5 9 0 6 6 8 3 6 0 12 2 15 6 12 0 14 5 8 2 14 0 15
0 44 51 38 53 44 0 35 25 9 51 35 0 13 26 38 25 13 0 16 53 9 26 16 0 53
0 32 9 31 24 32 0 27 1 8 9 27 0 26 19 31 1 26 0 7 24 8 19 7 0 32
0 13 35 28 4 13 0 22 15 9 35 22 0 7 31 28 15 7 0 24 4 9 31 24 0 35
0 55 86 60 54 55 0 70 32 63 86 70 0 65 67 60 32 65 0 31 54 63 67 31 0 86
0 21 40 25 21 21 0 19 4 37 40 19 0 15 56 25 4 15 0 41 21 37 56 41 0 56
0 56 31 17 36 56 0 32 46 20 31 32 0 14 12 17 46 14 0 26 36 20 12 26 0 56
0 75 28 37 22 75 0 47 73 56 28 47 0 48 9 37 73 48 0 57 22 56 9 57 0 75
0 40 54 45 45 40 0 46 37 62 54 46 0 9 16 45 37 9 0 25 45 62 16 25 0 62
0 22 17 23 20 22 0 5 1 2 17 5 0 6 3 23 1 6 0 3 20 2 3 3 0 23
0 10 35 30 9 10 0 25 20 1 35 25 0 23 26 30 20 23 0 21 9 1 26 21 0 35
0 20 1 20 45 20 0 19 6 31 1 19 0 21 46 20 6 21 0 25 45 31 46 25 0 46
0 28 1 54 35 28 0 29 71 63 1 29 0 53 34 54 71 53 0 19 35 63 34 19 0 71
0 34 1 47 49 34 0 35 32 38 1 35 0 46 50 47 32 46 0 6 49 38 50 6 0 50
0 17 36 34 34 17 0 35 39 33 36 35 0 4 2 34 39 4 0 6 34 33 2 6 0 39
0 3 13 2 26 3 0 10 5 23 13 10 0 15 13 2 5 15 0 28 26 23 13 28 0 28
0 10 21 35 63 10 0 11 45 58 21 11 0 51 63 35 45 51 0 30 63 58 63 30 0 63
0 2 17 41 15 2 0 19 43 17 17 19 0 49 23 41 43 49 0 26 15 17 23 26 0 49
0 15 4 13 66 15 0 19 28 59 4 19 0 17 63 13 28 17 0 62 66 59 63 62 0 66
0 83 94 67 78 83 0 12 40 30 94 12 0 52 22 67 40 52 0 70 78 30 22 70 0 94
0 92 4 22 57 92 0 89 80 86 4 89 0 26 53 22 80 26 0 60 57 86 53 60 0 92
0 32 25 80 52 32 0 57 48 20 25 57 0 68 77 80 48 68 0 67 52 20 77 67 0 80
0 12 3 35 38 12 0 9 23 26 3 9 0 32 35 35 23 32 0 3 38 26 35 3 0 38
0 49 46 73 48 49 0 95 74 97 46 95 0 27 2 73 74 27 0 29 48 97 2 29 0 97
0 2 31 35 21 2 0 29 37 21 31 29 0 66 46 35 37 66 0 56 21 21 46 56 0 66
0 57 60 60 58 57 0 16 5 22 60 16 0 11 6 60 5 11 0 17 58 22 6 17 0 60
0 23 13 52 32 23 0 10 49 11 13 10 0 39 19 52 49 39 0 58 32 11 19 58 0 58
0 71 84 58 62 71 0 31 40 9 84 31 0 71 22 58 40 71 0 49 62 9 22 49 0 84
0 9 5 59 18 9 0 14 50 27 5 14 0 64 13 59 50 64 0 77 18 27 13 77 0 77
0 63 16 34 74 63 0 69 87 11 16 69 0 18 69 34 87 18 0 83 74 11 69 83 0 87
0 33 12 51 61 33 0 45 84 94 12 45 0 55 49 51 84 55 0 71 61 94 49 71 0 94
0 32 14 36 76 32 0 46 68 52 14 46 0 43 83 36 68 43 0 40 76 52 83 40 0 83
0 43 57 26 2 43 0 48 17 45 57 48 0 31 59 26 17 31 0 28 2 45 59 28 0 59
0 91 43 3 51 91 0 51 94 65 43 51 0 46 30 3 94 46 0 52 51 65 30 52 0 94
0 2 14 7 1 2 0 12 5 3 14 12 0 17 15 7 5 17 0 8 1 3 15 8 0 17
0 5 36 2 32 5 0 33 3 28 36 33 0 36 5 2 3 36 0 31 32 28 5 31 0 36
0 76 84 94 43 76 0 98 62 82 84 98 0 74 70 94 62 74 0 79 43 82 70 79 0 98
0 9 34 29 5 9 0 25 28 4 34 25 0 53 29 29 28 53 0 24 5 4 29 24 0 53
0 61 24 57 27 61 0 54 67 51 24 54 0 37 3 57 67 37 0 40 27 51 3 40 0 67
0 3 37 29 49 3 0 34 26 46 37 34 0 50 12 29 26 50 0 38 49 46 12 38 0 50
0 38 42 29 52 38 0 69 9 56 42 69 0 71 40 29 9 71 0 65 52 56 40 65 0 71
0 97 67 91 47 97 0 31 10 67 67 31 0 41 71 91 10 41 0 57 47 67 71 57 0 97
0 71 19 82 18 71 0 86 23 56 19 86 0 63 37 82 23 63 0 67 18 56 37 67 0 86
0 76 87 31 46 76 0 93 46 71 87 93 0 65 92 31 46 65 0 72 46 71 92 72 0 93
0 12 9 4 44 12 0 21 16 40 9 21 0 13 35 4 16 13 0 48 44 40 35 48 0 48
0 27 68 26 26 27 0 41 53 53 68 41 0 64 86 26 53 64 0 52 26 53 86 52 0 86
0 63 53 53 62 63 0 24 38 33 53 24 0 14 9 53 38 14 0 23 62 33 9 23 0 63
0 57 36 19 40 57 0 50 38 70 36 50 0 51 20 19 38 51 0 59 40 70 20 59 0 70
0 53 41 6 53 53 0 76 47 64 41 76 0 47 12 6 47 47 0 59 53 64 12 59 0 76
0 20 27 59 6 20 0 45 72 24 27 45 0 32 21 59 72 32 0 53 6 24 21 53 0 72
0 18 44 20 5 18 0 47 2 13 44 47 0 49 39 20 2 49 0 15 5 13 39 15 0 49
0 20 50 89 20 20 0 30 69 40 50 30 0 39 38 89 69 39 0 69 20 40 38 69 0 89
0 11 9 7 5 11 0 15 17 16 9 15 0 2 10 7 17 2 0 12 5 16 10 12 0 17
0 27 61 34 12 27 0 62 39 38 61 62 0 57 73 34 39 57 0 46 12 38 73 46 0 73
0 57 10 24 16 57 0 47 61 41 10 47 0 14 6 24 61 14 0 20 16 41 6 20 0 61
0 39 22 49 21 39 0 37 46 18 22 37 0 42 43 49 46 42 0 28 21 18 43 28 0 49
0 48 22 78 70 48 0 57 30 61 22 57 0 87 54 78 30 87 0 55 70 61 54 55 0 87
0 32 45 54 86 32 0 13 49 68 45 13 0 62 55 54 49 62 0 32 86 68 55 32 0 86
0 27 60 70 91 27 0 33 91 93 60 33 0 90 67 70 91 90 0 44 91 93 67 44 0 93
0 32 14 39 18 32 0 18 52 22 14 18 0 34 4 39 52 34 0 38 18 22 4 38 0 52
0 40 29 13 24 40 0 11 27 16 29 11 0 16 5 13 27 16 0 11 24 16 5 11 0 40
0 35 38 33 43 35 0 7 2 12 38 7 0 5 15 33 2 5 0 10 43 12 15 10 0 43
0 13 69 64 44 13 0 76 77 31 69 76 0 27 67 64 77 27 0 88 44 31 67 88 0 88
0 33 17 16 32 33 0 16 18 1 17 16 0 2 15 16 18 2 0 17 32 1 15 17 0 33
0 35 26 17 43 35 0 9 37 49 26 9 0 28 40 17 37 28 0 60 43 49 40 60 0 60
0 2 73 30 87 2 0 75 32 85 73 75 0 68 84 30 32 68 0 86 87 85 84 86 0 87
0 56 23 61 19 56 0 33 5 42 23 33 0 38 9 61 5 38 0 47 19 42 9 47 0 61
0 66 56 49 54 66 0 24 17 22 56 24 0 7 12 49 17 7 0 5 54 22 12 5 0 66
0 19 43 25 10 19 0 62 31 29 43 62 0 59 53 25 31 59 0 15 10 29 53 15 0 62
0 8 15 18 54 8 0 7 26 61 15 7 0 33 54 18 26 33 0 55 54 61 54 55 0 61
0 52 25 34 7 52 0 77 33 59 25 77 0 59 32 34 33 59 0 27 7 59 32 27 0 77
0 16 42 17 30 16 0 55 11 14 42 55 0 44 64 17 11 44 0 20 30 14 64 20 0 64
0 5 3 15 11 5 0 8 10 16 3 8 0 18 8 15 10 18 0 26 11 16 8 26 0 26
0 1 6 49 50 1 0 7 50 51 6 7 0 43 44 49 50 43 0 1 50 51 44 1 0 51
0 32 39 51 71 32 0 12 24 44 39 12 0 12 32 51 24 12 0 20 71 44 32 20 0 71
0 52 83 53 22 52 0 56 32 68 83 56 0 30 61 53 32 30 0 36 22 68 61 36 0 83
0 5 59 14 86 5 0 64 9 91 59 64 0 60 37 14 9 60 0 82 86 91 37 82 0 91
0 51 68 48 49 51 0 81 97 45 68 81 0 43 36 48 97 43 0 66 49 45 36 66 0 97
0 8 45 54 59 8 0 53 62 67 45 53 0 9 14 54 62 9 0 23 59 67 14 23 0 67
0 43 63 50 67 43 0 94 7 28 63 94 0 87 98 50 7 87 0 34 67 28 98 34 0 98
0 6 72 92 26 6 0 78 95 20 72 78 0 74 84 92 95 74 0 88 26 20 84 88 0 95
0 21 32 37 33 21 0 33 28 45 32 33 0 5 22 37 28 5 0 17 33 45 22 17 0 45
0 45 43 62 10 45 0 2 43 52 43 2 0 41 53 62 43 41 0 52 10 52 53 52 0 62
0 23 5 6 32 23 0 28 29 21 5 28 0 1 37 6 29 1 0 38 32 21 37 38 0 38
0 9 11 49 16 9 0 2 40 9 11 2 0 42 11 49 40 42 0 49 16 9 11 49 0 49
0 9 14 28 50 9 0 23 37 59 14 23 0 35 57 28 37 35 0 22 50 59 57 22 0 59
0 21 13 62 41 21 0 8 46 36 13 8 0 49 28 62 46 49 0 59 41 36 28 59 0 62
0 58 87 79 70 58 0 58 36 43 87 58 0 22 69 79 36 22 0 79 70 43 69 79 0 87
0 44 34 12 36 44 0 10 32 35 34 10 0 22 45 12 32 22 0 24 36 35 45 24 0 45
0 41 49 47 5 41 0 80 15 36 49 80 0 81 44 47 15 81 0 51 5 36 44 51 0 81
0 72 30 77 87 72 0 98 28 43 30 98 0 77 100 77 28 77 0 45 87 43 100 45 0 100
0 12 29 19 38 12 0 41 31 50 29 41 0 48 9 19 31 48 0 57 38 50 9 57 0 57
0 34 40 66 46 34 0 41 62 42 40 41 0 45 25 66 62 45 0 20 46 42 25 20 0 66
0 84 56 42 94 84 0 60 47 77 56 60 0 22 59 42 47 22 0 80 94 77 59 80 0 94
0 73 67 59 71 73 0 28 14 17 67 28 0 14 34 59 14 14 0 31 71 17 34 31 0 73
0 27 54 82 9 27 0 44 55 36 54 44 0 90 56 82 55 90 0 91 9 36 56 91 0 91
0 65 31 72 53 65 0 34 62 56 31 34 0 67 22 72 62 67 0 89 53 56 22 89 0 89
0 8 28 11 39 8 0 36 3 47 28 36 0 39 30 11 3 39 0 50 39 47 30 50 0 50
0 25 7 28 62 25 0 18 39 73 7 18 0 21 55 28 39 21 0 34 62 73 55 34 0 73
0 21 12 7 70 21 0 9 14 49 12 9 0 5 58 7 14 5 0 63 70 49 58 63 0 70
0 2 50 29 26 2 0 48 31 24 50 48 0 45 72 29 31 45 0 33 26 24 72 33 0 72
0 56 71 73 47 56 0 24 17 48 71 24 0 7 24 73 17 7 0 31 47 48 24 31 0 73
0 62 5 39 56 62 0 57 61 95 5 57 0 34 51 39 61 34 0 52 56 95 51 52 0 95
0 46 29 48 3 46 0 33 9 47 29 33 0 25 32 48 9 25 0 51 3 47 32 51 0 51
0 59 71 49 57 59 0 33 27 19 71 33 0 22 14 49 27 22 0 8 57 19 14 8 0 71
0 54 79 16 25 54 0 80 62 41 79 80 0 65 54 16 62 65 0 41 25 41 54 41 0 80
0 28 34 12 44 28 0 6 40 22 34 6 0 46 28 12 40 46 0 32 44 22 28 32 0 46
0 5 28 25 34 5 0 23 20 29 28 23 0 3 6 25 20 3 0 9 34 29 6 9 0 34
0 29 28 51 10 29 0 21 47 39 28 21 0 36 18 51 47 36 0 41 10 39 18 41 0 51
0 58 43 17 45 58 0 45 51 79 43 45 0 60 50 17 51 60 0 28 45 79 50 28 0 79
0 19 9 36 18 19 0 10 28 37 9 10 0 38 27 36 28 38 0 18 18 37 27 18 0 38
0 17 42 12 28 17 0 59 29 11 42 59 0 35 70 12 29 35 0 40 28 11 70 40 0 70
0 51 38 16 36 51 0 20 35 55 38 20 0 30 50 16 35 30 0 20 36 55 50 20 0 55
0 13 41 11 57 13 0 54 2 44 41 54 0 52 39 11 2 52 0 46 57 44 39 46 0 57
0 44 8 61 34 44 0 52 56 41 8 52 0 69 42 61 56 69 0 45 34 41 42 45 0 69
0 58 40 38 88 58 0 89 20 44 40 89 0 78 87 38 20 78 0 64 88 44 87 64 0 89
0 13 18 25 24 13 0 19 13 14 18 19 0 30 31 25 13 30 0 1 24 14 31 1 0 31
0 60 58 62 78 60 0 2 6 34 58 2 0 4 32 62 6 4 0 36 78 34 32 36 0 78
0 27 5 10 22 27 0 32 37 49 5 32 0 5 17 10 37 5 0 12 22 49 17 12 0 49
0 51 23 20 9 51 0 41 44 42 23 41 0 3 16 20 44 3 0 16 9 42 16 16 0 51
0 20 69 43 70 20 0 70 23 90 69 70 0 51 70 43 23 51 0 97 70 90 70 97 0 97
0 82 12 16 42 82 0 75 66 40 12 75 0 28 35 16 66 28 0 26 42 40 35 26 0 82
0 63 76 59 35 63 0 23 4 28 76 23 0 27 51 59 4 27 0 24 35 28 51 24 0 76
0 13 8 38 17 13 0 9 31 30 8 9 0 40 25 38 31 40 0 21 17 30 25 21 0 40
0 67 69 49 40 67 0 2 18 33 69 2 0 20 31 49 18 20 0 41 40 33 31 41 0 69
0 90 59 64 60 90 0 31 41 58 59 31 0 59 27 64 41 59 0 53 60 58 27 53 0 90
0 55 22 18 12 55 0 33 37 43 22 33 0 4 10 18 37 4 0 6 12 43 10 6 0 55
0 31 57 48 6 31 0 66 57 37 57 66 0 9 51 48 57 9 0 42 6 37 51 42 0 66
0 47 49 38 10 47 0 16 9 37 49 16 0 25 53 38 9 25 0 28 10 37 53 28 0 53
